0.01,0.01,0.97,-0.26,0.72,0.57,26.21,2.35,-4.92,0.00,0.00,0.94,0.08,0.53,0.33,686.91,198.02,867.07,599,581,100,
0.01,0.01,0.97,-0.24,0.68,0.53,26.05,2.40,-4.99,0.00,0.00,0.94,0.07,0.48,0.28,678.75,199.70,861.12,594,590,101,
0.01,0.01,0.97,-0.22,0.67,0.53,25.89,2.38,-4.94,0.00,0.00,0.94,0.07,0.47,0.29,670.18,199.83,857.77,599,582,101,
0.01,0.01,0.97,-0.18,0.71,0.54,25.81,2.35,-4.90,0.00,0.00,0.94,0.11,0.55,0.31,666.27,198.10,857.98,598,587,100,
-0.00,-0.01,0.97,-0.17,1.48,-10.53,25.78,1.70,-5.15,0.01,0.00,0.94,78.51,104.00,385.45,667.25,122.34,942.06,593,588,100,
0.01,0.02,0.97,-0.25,0.70,1.69,23.04,2.60,-8.06,0.00,0.00,0.94,1.85,10.98,91.09,538.19,239.03,2232.49,592,595,101,
0.01,0.02,0.97,-0.13,0.68,0.50,22.21,2.77,-8.05,0.00,0.00,0.94,0.08,0.51,0.26,493.64,264.95,2240.48,594,589,101,
0.01,0.02,0.97,-0.13,0.68,0.51,22.28,2.80,-8.01,0.00,0.00,0.94,0.45,0.48,0.27,496.46,275.45,2258.88,599,584,101,
0.02,0.02,0.97,-0.12,0.70,0.50,22.03,2.82,-7.93,0.00,0.00,0.94,0.44,0.59,0.26,485.39,282.20,2227.07,595,599,100,
0.02,0.02,0.97,-0.08,0.68,0.52,22.19,2.83,-8.07,0.00,0.00,0.94,0.02,0.49,0.27,492.47,276.67,2255.21,594,589,101,
0.04,-0.03,0.97,0.08,0.94,5.12,21.64,2.72,-8.32,0.00,0.00,0.95,64.44,119.97,250.29,474.48,258.42,2395.07,594,581,101,
-0.01,0.08,0.96,-1.42,4.70,31.35,47.43,4.17,-8.23,0.00,0.01,0.93,54.85,113.97,1239.28,2431.75,626.75,2359.35,596,587,101,
0.09,0.08,0.96,-0.01,1.72,-4.33,60.75,2.19,-7.67,0.02,0.01,0.92,75.31,80.74,468.54,3693.16,179.60,2078.29,594,591,100,
0.16,0.08,0.95,0.04,1.58,10.58,58.74,2.80,-7.07,0.03,0.01,0.91,45.31,63.07,628.62,3453.00,298.61,1804.42,601,597,100,
0.08,0.11,0.95,-0.07,0.37,-10.08,58.72,3.48,-7.93,0.01,0.02,0.91,73.14,141.58,1185.96,3453.10,445.63,2220.42,600,591,101,
0.10,0.11,0.96,0.45,1.37,4.26,60.28,3.99,-7.40,0.02,0.02,0.93,68.47,169.35,1007.75,3638.47,564.86,1927.20,593,592,100,
0.07,0.14,0.96,-0.67,0.08,-0.16,60.37,3.99,-7.64,0.02,0.03,0.94,105.91,172.43,696.39,3647.35,568.62,2073.51,602,583,101,
0.11,0.11,0.96,1.88,1.65,4.57,57.45,4.44,-8.03,0.02,0.02,0.93,61.18,160.46,1116.30,3304.54,689.78,2183.33,587,586,101,
0.09,0.08,0.95,-0.01,2.09,13.27,56.65,4.05,-9.00,0.02,0.01,0.93,90.60,216.52,1523.09,3217.84,620.37,2790.67,590,589,101,
0.10,0.13,0.95,-0.27,1.30,4.70,37.34,1.72,-7.18,0.02,0.02,0.91,116.83,118.69,1443.53,1429.09,117.75,1840.32,597,591,100,
0.07,0.10,0.94,1.89,1.45,2.05,32.02,2.59,-5.62,0.02,0.02,0.92,133.42,146.98,1113.85,1029.44,238.89,1095.51,594,592,101,
0.06,-0.00,0.95,-2.28,0.71,-7.54,45.57,1.78,-7.01,0.02,0.02,0.93,142.18,179.00,722.59,2101.86,115.83,1741.10,594,585,100,
-0.00,0.09,0.95,0.32,0.68,-2.36,54.41,2.42,-7.34,0.02,0.01,0.95,119.84,121.12,496.67,2961.96,210.95,1937.91,600,584,100,
0.02,0.08,0.96,-0.56,2.14,-0.04,55.46,2.72,-7.37,0.02,0.01,0.97,132.47,137.67,522.51,3076.54,266.10,1935.21,597,595,100,
0.03,0.07,0.95,-1.01,0.93,-0.33,55.68,2.70,-7.38,0.02,0.01,0.95,108.84,160.51,337.98,3100.87,262.20,1948.86,598,594,100,
0.08,0.06,0.96,-1.21,1.97,3.57,55.37,2.53,-7.12,0.02,0.01,0.96,117.42,125.28,531.45,3066.29,228.20,1797.72,595,594,100,
0.03,0.09,0.96,-0.20,0.43,0.63,55.36,2.30,-7.14,0.02,0.02,0.95,111.43,99.39,472.77,3065.53,190.68,1838.39,600,581,100,
0.04,0.11,0.95,-0.79,1.95,2.68,53.01,2.03,-6.97,0.02,0.02,0.94,137.86,147.66,495.67,2811.10,145.60,1709.29,593,588,100,
0.04,0.10,0.97,0.42,2.40,3.64,51.46,1.76,-6.97,0.01,0.02,0.97,174.20,109.22,501.63,2652.96,107.86,1686.34,595,589,101,
0.08,0.08,0.95,-0.67,2.21,5.28,43.95,1.46,-6.82,0.02,0.01,0.93,78.45,97.12,239.31,1936.97,77.59,1680.31,601,589,100,
0.09,0.09,0.95,-0.16,0.32,4.23,38.15,1.49,-6.69,0.02,0.01,0.92,44.94,45.85,305.04,1460.22,78.94,1585.72,601,584,101,
0.00,0.09,0.96,-0.89,0.81,1.50,37.47,1.22,-6.48,0.01,0.01,0.94,49.43,91.81,248.74,1405.17,54.71,1513.85,600,582,100,
0.02,0.10,0.96,-0.88,2.56,1.10,36.52,1.41,-6.55,0.01,0.01,0.94,133.79,112.17,116.33,1334.42,69.84,1496.79,596,581,101,
0.09,0.02,0.96,0.21,0.66,-0.20,37.53,1.14,-6.79,0.02,0.01,0.93,83.44,125.76,148.56,1409.26,46.29,1613.06,597,589,101,
0.03,0.05,0.96,-1.30,0.74,0.68,37.03,1.62,-6.59,0.02,0.01,0.94,183.49,159.36,401.37,1373.42,96.12,1542.73,596,591,100,
0.04,0.13,0.96,-1.23,2.34,2.09,37.15,1.75,-6.44,0.01,0.02,0.93,72.90,74.81,198.05,1380.66,109.04,1463.94,594,592,100,
0.06,0.11,0.95,-0.40,1.78,-2.30,37.12,1.71,-6.42,0.01,0.02,0.91,66.10,59.18,203.02,1378.37,107.42,1500.30,603,597,100,
0.06,0.12,0.95,-0.32,0.12,0.33,36.92,1.61,-6.44,0.01,0.02,0.92,89.48,76.52,200.98,1364.05,94.19,1484.93,598,583,100,
-0.02,0.10,0.96,-0.56,0.85,-4.51,42.10,1.07,-6.56,0.01,0.02,0.94,124.41,169.95,577.73,1788.53,45.17,1530.33,596,583,100,
-0.04,0.09,0.97,-0.77,1.48,3.05,43.46,0.92,-6.66,0.01,0.01,0.95,68.48,138.90,441.10,1891.41,30.83,1558.39,593,584,100,
-0.01,0.06,0.96,-0.76,0.37,-1.59,41.72,0.97,-6.50,0.01,0.01,0.95,73.36,188.51,367.14,1742.74,33.95,1502.94,596,583,100,
-0.06,0.08,0.96,-1.03,2.47,8.99,37.16,2.68,-6.18,0.01,0.01,0.92,59.92,28.20,1868.17,1389.41,295.75,1338.35,598,591,101,
0.05,0.01,0.97,-0.75,1.62,-12.15,53.74,1.20,-6.81,0.00,0.00,0.95,17.42,48.54,1295.45,2903.17,52.85,1669.30,600,592,100,
0.03,0.06,0.97,-2.04,-0.71,-0.46,53.97,1.29,-6.84,0.01,0.01,0.94,39.21,23.84,522.19,2916.04,60.26,1634.61,597,594,101,
-0.06,0.04,0.97,0.72,1.72,-1.34,59.23,2.28,-7.13,0.01,0.01,0.95,132.52,70.33,530.75,3508.65,185.02,1774.51,591,588,100,
0.02,0.07,0.97,-0.87,2.78,8.15,54.38,1.37,-6.77,0.01,0.01,0.95,143.45,101.02,459.59,2968.03,71.71,1644.79,599,594,100,
0.07,0.07,0.97,0.22,1.32,1.16,50.15,0.97,-6.76,0.01,0.02,0.97,193.46,193.36,792.34,2519.18,34.33,1624.28,596,592,100,
-0.01,0.05,0.97,-0.35,0.63,1.15,49.80,0.84,-6.86,0.01,0.01,0.96,151.99,153.60,132.90,2480.23,25.48,1666.45,601,593,101,
-0.01,0.00,0.97,-0.16,1.21,0.35,49.90,0.75,-6.96,0.01,0.01,0.95,123.79,234.96,146.53,2490.90,20.07,1709.56,594,592,100,
0.00,0.02,0.97,-0.80,1.34,-0.01,50.22,0.86,-6.87,0.00,0.00,0.94,2.66,5.59,5.13,2522.42,26.54,1689.78,598,587,100,
0.02,0.01,0.97,-0.74,0.79,1.47,50.13,0.83,-6.91,0.00,0.00,0.94,1.59,4.71,4.59,2513.53,24.30,1688.83,595,595,100,
-0.05,0.05,0.96,-2.12,0.46,4.10,48.29,0.92,-6.79,0.01,0.01,0.93,170.97,98.96,430.39,2335.21,30.63,1620.85,593,591,100,
0.01,0.08,0.97,0.71,2.42,-1.37,52.07,1.23,-6.70,0.01,0.01,0.95,120.96,122.66,1007.58,2720.90,56.48,1596.72,596,582,100,
-0.05,0.04,0.96,-2.03,0.30,2.49,47.70,0.98,-6.83,0.01,0.01,0.95,210.68,156.90,1411.09,2284.45,36.26,1675.66,599,594,100,
-0.02,0.07,0.96,0.21,1.25,-2.78,54.49,1.80,-7.57,0.01,0.01,0.95,122.44,145.73,1006.02,2977.15,118.44,2065.64,600,582,100,
-0.01,0.04,0.97,-0.77,1.28,-0.32,54.16,1.66,-7.71,0.02,0.01,0.98,180.90,223.79,1133.65,2935.53,97.61,2079.87,591,592,100,
-0.02,0.13,0.95,-1.33,1.90,1.45,52.67,1.67,-7.40,0.01,0.02,0.94,210.57,138.17,689.98,2775.79,100.45,1962.63,598,588,100,
-0.01,0.05,0.96,0.06,1.40,-0.61,56.06,1.99,-7.59,0.01,0.01,0.95,167.19,179.84,540.93,3143.92,139.11,2007.79,596,584,101,
0.05,-0.12,0.96,-0.20,1.74,1.19,54.12,1.42,-7.95,0.01,0.02,0.94,139.17,106.26,187.13,2929.99,71.91,2232.71,594,590,100,
-0.00,-0.05,0.96,-1.47,0.18,-0.09,55.61,1.76,-7.97,0.01,0.01,0.94,97.30,129.83,458.10,3093.40,112.73,2289.55,600,591,100,
-0.07,0.04,0.96,-0.99,1.88,1.92,56.42,1.94,-7.96,0.02,0.01,0.96,152.22,181.34,638.53,3184.43,136.85,2268.54,598,593,100,
-0.08,0.01,0.96,-0.17,1.96,-0.27,55.54,1.67,-8.02,0.02,0.01,0.96,190.25,150.57,675.34,3086.25,100.40,2273.41,600,599,101,
-0.05,0.04,0.97,-0.83,1.53,-0.29,56.54,1.98,-8.10,0.02,0.01,0.96,176.80,164.63,871.37,3198.51,141.05,2321.99,601,594,101,
-0.02,-0.05,0.96,0.43,1.82,0.01,55.59,1.59,-8.25,0.02,0.02,0.95,221.76,154.82,607.87,3092.06,93.53,2429.11,597,587,100,
-0.10,0.04,0.96,-1.85,1.26,3.03,56.86,1.95,-8.39,0.02,0.01,0.95,163.57,185.15,676.55,3234.39,138.76,2505.55,602,587,101,
-0.04,0.03,0.97,-0.77,3.01,0.00,56.99,2.08,-8.16,0.02,0.01,0.96,158.48,157.86,1054.15,3248.99,156.01,2342.70,593,587,100,
-0.05,0.01,0.96,-0.07,0.92,-1.18,55.64,1.70,-8.24,0.02,0.01,0.96,193.49,152.13,1012.00,3097.73,103.79,2388.47,599,586,101,
-0.05,-0.01,0.97,-0.66,1.57,4.69,56.23,1.78,-8.23,0.02,0.01,0.97,158.55,187.95,1148.78,3164.11,118.82,2421.88,598,595,100,
-0.05,0.01,0.97,-1.54,2.72,0.91,54.91,1.58,-8.23,0.02,0.01,0.97,154.34,137.30,668.07,3020.96,93.74,2365.51,597,584,101,
-0.04,-0.02,0.97,0.01,0.94,1.10,56.07,1.70,-8.26,0.02,0.01,0.97,207.41,165.94,863.40,3145.94,104.05,2426.85,596,582,100,
-0.04,-0.00,0.96,-1.08,2.51,-2.17,56.97,1.92,-8.07,0.02,0.01,0.96,164.98,235.11,765.58,3246.03,137.06,2360.24,602,594,100,
0.00,-0.03,0.97,-0.05,2.61,0.79,56.37,1.85,-8.02,0.02,0.01,0.96,131.21,187.12,1037.51,3178.61,125.89,2307.74,599,587,100,
-0.02,-0.05,0.97,-1.31,1.69,1.70,56.28,1.66,-8.25,0.02,0.01,0.96,125.94,201.11,529.81,3169.12,99.62,2435.96,598,581,100,
-0.02,-0.02,0.96,-1.57,2.14,-1.57,56.58,1.87,-8.30,0.02,0.01,0.96,162.63,246.57,682.85,3202.43,128.53,2464.21,598,592,100,
-0.07,0.02,0.96,-0.89,0.08,1.44,57.86,1.15,-9.04,0.03,0.01,0.95,197.60,165.44,1389.27,3353.30,69.11,2996.15,602,594,100,
-0.07,0.05,0.96,-0.29,2.17,0.66,62.40,-0.01,-10.01,0.02,0.01,0.95,160.93,189.62,631.23,3895.15,5.16,3584.97,598,591,100,
-0.10,0.04,0.96,0.11,2.07,-1.37,63.96,-0.05,-10.10,0.03,0.01,0.94,161.52,244.58,731.74,4093.56,2.94,3587.79,599,594,101,
-0.03,0.02,0.96,-0.14,2.77,-3.08,63.85,0.53,-9.80,0.02,0.01,0.96,206.86,274.13,1701.48,4079.10,22.97,3366.47,598,579,101,
-0.03,0.06,0.97,-1.65,2.11,4.64,64.02,0.07,-9.68,0.02,0.01,0.97,128.31,210.07,1146.40,4100.26,3.79,3320.30,595,596,100,
-0.06,0.03,0.95,1.25,1.18,-5.37,64.50,0.73,-9.70,0.02,0.01,0.94,138.34,243.49,716.63,4160.52,33.11,3387.80,600,591,100,
-0.04,0.01,0.97,-0.72,1.34,5.92,65.06,0.29,-9.77,0.02,0.01,0.99,185.30,256.78,773.31,4233.97,8.42,3388.69,596,592,100,
-0.04,-0.01,0.97,0.00,0.72,-2.53,63.25,0.35,-9.94,0.02,0.01,0.96,116.00,217.15,433.79,4000.97,8.02,3484.63,594,588,100,
-0.04,0.03,0.96,-2.90,1.46,4.54,62.90,0.22,-9.91,0.01,0.01,0.96,178.31,181.82,476.75,3957.23,5.28,3490.70,596,588,100,
-0.06,0.06,0.96,-0.06,0.82,0.07,62.74,-0.43,-10.01,0.02,0.01,0.97,141.06,168.01,555.98,3939.16,9.22,3498.89,597,593,101,
-0.06,0.03,0.97,-0.87,1.75,1.64,64.46,-0.33,-10.12,0.02,0.01,0.97,160.84,180.80,673.49,4155.94,5.82,3494.98,590,590,101,
-0.06,0.02,0.95,-1.31,1.77,1.96,64.87,-0.21,-9.93,0.02,0.01,0.94,238.80,178.29,423.91,4209.25,2.89,3560.24,601,593,100,
-0.05,0.02,0.96,-0.90,2.57,0.58,65.96,-0.14,-9.97,0.02,0.01,0.97,152.81,306.12,691.10,4350.78,2.33,3448.94,589,582,100,
-0.05,0.05,0.97,-0.60,1.16,1.21,64.25,0.02,-9.79,0.02,0.01,0.96,134.38,176.91,394.98,4129.90,2.22,3391.69,595,590,100,
-0.02,0.03,0.96,-1.00,1.81,2.29,62.95,0.17,-9.80,0.02,0.01,0.96,128.62,185.94,446.57,3963.96,2.73,3432.41,598,592,100,
-0.05,-0.01,0.96,-1.27,1.40,2.04,62.27,0.54,-10.04,0.02,0.00,0.95,133.89,291.61,510.79,3878.11,12.28,3591.77,597,591,100,
-0.06,-0.05,0.97,0.53,1.71,0.14,62.77,0.32,-10.11,0.02,0.01,0.97,140.09,220.89,444.17,3941.13,6.55,3574.54,591,595,100,
-0.03,-0.09,0.97,-0.87,2.13,-1.24,63.88,-0.05,-10.02,0.02,0.02,0.96,204.92,203.91,316.88,4081.47,2.44,3566.42,596,594,100,
-0.04,-0.08,0.97,-0.15,0.26,4.98,64.05,-0.68,-10.05,0.02,0.01,0.97,157.33,152.89,398.90,4102.99,19.54,3603.55,597,594,100,
-0.03,-0.15,0.96,-0.94,1.52,0.46,63.99,-0.94,-10.16,0.01,0.03,0.94,177.55,134.10,201.67,4094.75,32.13,3645.62,594,590,100,
-0.02,-0.16,0.96,-0.92,2.09,-1.35,63.71,-1.02,-10.19,0.01,0.03,0.94,149.74,127.45,387.53,4059.57,39.16,3629.65,597,588,101,
0.01,-0.14,0.95,-1.20,1.81,1.62,62.77,-1.18,-10.29,0.02,0.03,0.92,157.72,202.19,215.34,3940.81,51.35,3636.41,592,584,101,
0.02,-0.13,0.96,-0.60,1.30,1.38,62.31,-1.57,-10.12,0.02,0.02,0.95,257.84,226.61,229.76,3883.53,88.03,3593.04,598,598,101,
0.02,-0.14,0.95,-0.29,1.75,0.79,62.47,-1.63,-10.13,0.01,0.02,0.92,169.54,215.24,250.25,3902.74,95.56,3643.52,596,594,100,
0.04,-0.17,0.95,-0.68,1.63,-0.96,62.63,-1.66,-9.98,0.02,0.03,0.93,175.59,214.06,365.68,3923.56,102.09,3598.78,601,590,100,
0.04,-0.17,0.94,-0.57,1.21,2.38,62.88,-1.80,-9.96,0.01,0.03,0.90,162.28,188.77,271.47,3954.32,118.01,3570.82,600,586,100,
0.03,-0.11,0.96,-0.91,0.22,2.93,62.23,-1.87,-9.89,0.01,0.02,0.94,197.09,205.76,313.73,3873.39,129.38,3512.49,599,594,100,
0.05,-0.12,0.96,-1.47,1.74,-1.11,61.43,-1.98,-10.05,0.02,0.02,0.94,197.41,143.82,384.60,3774.73,140.64,3564.21,600,592,101,
0.04,-0.12,0.95,-0.24,1.20,-0.92,62.72,-1.62,-9.91,0.02,0.02,0.92,219.43,204.87,449.88,3935.47,96.36,3513.74,598,595,100,
0.05,-0.10,0.96,-1.53,1.24,-0.30,62.92,-1.40,-9.76,0.02,0.01,0.94,191.73,289.36,705.25,3959.75,73.11,3346.88,593,592,100,
-0.01,-0.05,0.96,-1.99,1.06,3.46,63.08,-1.46,-9.84,0.02,0.01,0.95,188.01,154.69,550.58,3979.66,77.84,3436.67,596,593,100,
-0.08,0.05,0.96,-0.98,2.08,-1.32,64.64,-1.17,-9.97,0.02,0.01,0.95,156.63,128.82,826.06,4180.64,51.04,3459.55,596,593,101,
-0.02,0.07,0.96,-0.87,1.23,1.12,64.79,-0.61,-9.81,0.02,0.01,0.96,123.75,146.19,625.16,4198.10,15.72,3387.73,593,585,100,
-0.06,0.03,0.96,-0.14,1.67,-1.09,66.55,-0.36,-9.93,0.02,0.01,0.96,141.47,229.86,581.70,4429.60,6.62,3518.44,597,588,100,
-0.09,-0.01,0.96,-0.48,1.59,2.65,66.65,-0.71,-9.99,0.02,0.01,0.96,167.04,190.50,480.92,4442.42,19.58,3590.37,600,592,100,
-0.04,0.03,0.97,-1.56,1.48,-0.95,65.56,-0.57,-9.79,0.02,0.01,0.97,141.64,173.59,307.37,4299.57,13.85,3442.78,599,589,100,
-0.10,-0.01,0.96,-0.27,0.59,2.32,66.62,-0.53,-10.11,0.03,0.01,0.95,163.70,213.30,403.27,4438.05,13.46,3679.80,600,594,100,
-0.10,-0.01,0.96,0.27,2.94,-3.24,66.58,-0.57,-10.20,0.03,0.01,0.96,228.16,271.91,605.97,4433.57,13.99,3673.93,594,587,100,
-0.11,0.00,0.96,-2.19,2.27,3.24,67.59,-0.26,-9.97,0.03,0.01,0.95,218.28,281.75,724.41,4570.03,7.75,3555.12,598,592,100,
-0.11,0.02,0.96,-0.08,1.48,0.40,67.93,-0.40,-9.78,0.03,0.01,0.95,204.84,211.31,655.37,4615.93,7.57,3410.19,597,592,100,
-0.10,0.03,0.97,-0.56,1.81,-0.87,68.08,-0.28,-9.69,0.03,0.01,0.97,167.93,137.59,495.81,4636.15,5.46,3361.35,598,589,100,
-0.11,0.02,0.96,-0.88,2.02,0.33,69.38,0.04,-9.80,0.03,0.01,0.96,157.15,140.00,379.58,4813.55,1.64,3412.33,596,588,100,
-0.10,0.02,0.96,-0.89,2.13,0.25,69.41,0.01,-9.88,0.02,0.01,0.96,149.07,194.78,468.58,4817.78,2.49,3377.05,594,592,101,
-0.11,0.03,0.97,-0.17,0.71,-8.43,69.07,0.78,-9.85,0.03,0.01,0.96,125.48,154.01,696.15,4772.46,41.52,3435.40,595,585,100,
-0.11,0.06,0.96,-0.13,1.48,-0.99,59.06,3.06,-9.18,0.02,0.01,0.94,149.39,179.04,597.18,3498.33,334.38,2998.30,602,588,101,
-0.09,0.07,0.97,-0.85,1.22,-6.51,60.45,2.94,-9.29,0.02,0.01,0.97,122.26,119.12,415.69,3669.48,312.49,3057.40,595,591,100,
-0.08,0.11,0.96,-2.64,2.34,10.70,56.25,3.26,-9.14,0.02,0.02,0.95,151.81,123.38,1771.78,3186.86,382.22,2973.36,596,591,100,
-0.11,0.11,0.95,-0.29,2.23,0.42,63.41,2.40,-9.61,0.03,0.02,0.94,144.99,214.49,722.59,4027.69,210.03,3313.70,599,590,100,
-0.07,-0.02,0.97,0.22,0.98,-3.93,59.77,1.76,-9.35,0.02,0.01,0.97,213.65,241.06,650.06,3575.10,116.80,3157.56,601,589,100,
-0.14,0.06,0.96,-1.59,1.16,3.70,63.30,1.89,-9.91,0.04,0.01,0.95,172.61,212.00,641.16,4010.79,133.40,3524.80,599,590,100,
-0.17,0.07,0.95,-1.06,2.01,4.29,66.76,1.65,-10.19,0.04,0.01,0.94,155.87,150.23,426.83,4462.15,100.31,3613.48,590,589,100,
-0.19,0.11,0.94,-0.99,0.41,-0.47,69.71,2.03,-9.79,0.05,0.02,0.92,181.42,140.68,287.09,4860.31,147.99,3362.50,592,596,100,
-0.23,0.12,0.93,-1.40,1.92,-0.02,71.29,2.39,-9.46,0.07,0.02,0.89,240.27,231.90,446.45,5084.08,208.57,3233.34,601,591,100,
-0.20,0.07,0.94,-0.28,1.82,1.01,68.87,2.76,-8.92,0.05,0.01,0.92,206.68,201.84,937.36,4746.15,274.29,2830.63,596,586,100,
-0.17,0.09,0.95,-1.83,2.44,2.66,67.52,2.73,-8.70,0.04,0.01,0.93,325.93,222.62,1373.25,4568.09,273.39,2708.28,598,586,100,
-0.13,0.13,0.95,-1.85,1.71,3.04,69.09,2.55,-8.83,0.04,0.03,0.93,162.28,158.31,540.75,4775.31,233.85,2758.36,595,591,100,
-0.11,0.07,0.96,0.74,1.77,0.68,65.41,3.26,-8.84,0.03,0.01,0.95,191.71,231.49,936.49,4291.29,382.54,2743.37,592,594,100,
-0.13,0.09,0.95,-1.87,2.04,2.54,67.10,3.11,-9.04,0.03,0.02,0.93,191.00,218.52,738.56,4504.48,345.43,2891.99,595,591,100,
-0.13,0.07,0.95,-1.54,1.55,-0.77,66.53,3.37,-9.21,0.04,0.02,0.94,237.31,136.70,569.07,4428.25,396.66,2944.49,595,590,101,
-0.06,0.09,0.96,-0.32,2.62,-1.68,63.16,3.83,-8.96,0.02,0.01,0.96,165.31,147.72,383.48,3994.22,522.42,2845.47,595,585,100,
-0.07,0.07,0.96,-0.89,1.45,1.71,61.94,4.00,-8.91,0.02,0.01,0.96,123.76,158.62,226.10,3839.14,568.30,2810.06,595,591,100,
-0.10,0.07,0.95,-2.14,1.97,0.12,61.96,3.86,-9.02,0.03,0.01,0.94,140.00,160.33,343.69,3842.46,522.53,2852.72,598,590,101,
-0.03,0.10,0.96,-0.99,1.26,0.53,58.92,3.81,-9.12,0.02,0.02,0.94,145.66,145.92,343.06,3476.09,521.68,2985.19,605,585,101,
-0.09,0.10,0.97,-0.92,0.64,-0.45,56.04,4.06,-9.23,0.02,0.02,0.97,228.99,162.15,331.81,3146.74,579.46,2987.54,592,594,100,
-0.13,0.08,0.95,-1.18,2.00,2.02,57.93,4.30,-9.51,0.03,0.01,0.95,196.58,143.31,394.72,3361.27,649.74,3174.10,592,585,100,
-0.09,0.11,0.95,-0.32,2.15,2.94,62.79,3.87,-9.78,0.02,0.02,0.93,187.61,138.28,280.28,3944.86,532.34,3379.14,594,586,100,
-0.07,0.09,0.95,0.06,1.50,-6.67,62.03,3.77,-9.52,0.02,0.02,0.94,171.80,172.86,381.05,3864.36,507.39,3202.36,594,600,100,
-0.06,0.13,0.95,-1.44,2.04,4.05,60.95,3.88,-9.41,0.02,0.02,0.94,135.64,136.99,397.33,3719.65,530.56,3106.15,598,587,101,
-0.08,0.10,0.96,0.58,0.59,-3.13,58.05,4.06,-9.21,0.02,0.02,0.96,166.67,116.97,300.02,3375.25,585.02,3003.60,595,586,100,
-0.06,0.09,0.96,-0.82,1.13,-0.13,50.88,4.24,-8.73,0.02,0.02,0.94,186.61,197.96,450.85,2593.18,643.78,2729.30,598,595,100,
-0.03,0.07,0.97,-1.21,2.37,4.35,44.34,4.05,-8.36,0.02,0.01,0.97,201.96,243.82,911.50,1985.40,586.83,2490.48,597,590,100,
-0.01,0.09,0.96,0.42,1.58,-0.38,48.00,4.36,-8.59,0.02,0.02,0.97,199.89,192.80,1519.75,2314.78,666.80,2591.43,592,592,100,
-0.12,0.06,0.96,0.64,0.79,-7.52,44.94,4.02,-8.24,0.03,0.01,0.96,186.75,186.37,529.30,2056.95,581.38,2436.20,598,590,100,
-0.10,0.06,0.96,-0.81,0.85,2.23,38.60,3.62,-7.89,0.03,0.01,0.96,150.81,217.40,333.50,1493.60,458.72,2168.58,596,585,101,
-0.09,0.09,0.96,-0.49,1.30,-1.77,40.38,3.42,-7.76,0.02,0.02,0.95,224.84,193.52,341.45,1632.26,406.02,2084.51,594,580,101,
-0.09,0.12,0.96,-1.32,2.02,0.70,41.79,3.62,-7.75,0.02,0.03,0.97,192.70,175.11,396.35,1751.17,463.61,2117.32,599,593,101,
-0.08,0.06,0.96,-0.44,1.40,0.46,37.33,2.71,-7.07,0.02,0.01,0.96,215.05,209.73,487.97,1395.78,270.98,1807.76,601,595,100,
-0.10,0.07,0.96,-0.49,0.84,-0.73,38.72,3.01,-7.22,0.03,0.01,0.95,188.77,145.50,311.67,1500.44,319.42,1821.71,597,586,101,
-0.16,0.08,0.95,-1.39,1.60,1.79,39.37,3.05,-7.17,0.04,0.01,0.94,169.02,264.88,444.21,1551.77,333.00,1806.66,593,593,100,
-0.09,0.07,0.97,-0.91,1.89,1.63,38.63,3.42,-7.41,0.03,0.01,0.96,145.73,136.81,248.22,1493.49,406.87,1896.92,588,588,100,
-0.10,0.06,0.96,-1.30,0.63,-0.40,38.87,3.37,-7.45,0.02,0.01,0.96,164.24,173.16,213.21,1512.26,396.55,1927.33,595,593,101,
-0.12,0.07,0.96,-1.28,1.32,0.47,38.63,3.02,-7.12,0.03,0.01,0.96,200.38,243.95,239.25,1493.64,330.73,1829.82,601,596,100,
-0.08,0.05,0.96,-0.49,1.86,-0.73,38.12,3.00,-7.36,0.02,0.01,0.96,174.85,145.59,209.61,1454.02,321.30,1924.49,602,593,101,
-0.11,0.04,0.96,-0.59,1.81,-0.74,37.72,2.82,-7.21,0.03,0.01,0.95,162.12,186.40,187.85,1423.22,289.06,1877.72,601,591,100,
-0.11,0.05,0.96,-0.80,2.16,0.69,36.80,2.60,-7.24,0.03,0.01,0.94,177.47,165.55,426.21,1354.97,236.21,1806.90,593,588,101,
-0.10,0.02,0.96,0.78,1.47,0.16,36.89,2.37,-7.06,0.03,0.01,0.95,145.59,212.03,430.48,1362.16,204.51,1754.46,593,581,100,
-0.06,-0.17,0.95,-0.24,1.45,1.58,37.35,2.03,-7.23,0.02,0.03,0.92,119.56,182.42,279.74,1397.26,154.33,1868.53,598,590,100,
-0.05,-0.15,0.95,-0.71,1.43,1.80,37.91,2.11,-7.36,0.01,0.03,0.93,147.32,146.80,308.70,1438.41,159.14,1868.16,593,590,101,
-0.04,-0.13,0.96,-0.44,2.65,-2.85,36.65,1.85,-7.29,0.02,0.02,0.94,155.36,169.45,353.55,1344.42,128.88,1941.05,604,591,100,
-0.03,-0.09,0.96,-3.37,0.75,3.25,35.44,1.94,-7.62,0.02,0.02,0.95,163.92,140.25,211.68,1256.56,142.92,2085.88,599,598,100,
-0.05,0.06,0.96,-0.29,1.38,1.27,34.83,3.26,-7.61,0.02,0.01,0.96,162.72,197.73,353.31,1213.74,387.98,2067.79,597,595,100,
-0.07,0.01,0.96,0.32,1.65,1.30,35.83,2.92,-7.74,0.02,0.01,0.96,138.25,170.45,503.25,1285.55,305.21,2109.20,593,591,100,
-0.11,0.04,0.96,-2.79,1.33,6.59,42.28,3.15,-7.76,0.02,0.01,0.96,128.11,104.42,326.14,1806.42,355.75,2147.34,596,583,100,
-0.11,0.09,0.96,-1.42,1.87,5.07,51.17,3.54,-8.71,0.03,0.02,0.95,160.83,166.05,432.99,2642.04,443.02,2671.60,593,591,100,
-0.13,0.10,0.94,-0.77,2.10,2.22,55.79,3.92,-9.01,0.04,0.02,0.92,168.65,201.13,629.64,3124.39,557.79,2905.63,598,596,100,
-0.08,0.08,0.96,1.04,2.36,-3.59,51.35,5.01,-8.32,0.03,0.02,0.95,165.27,171.86,243.61,2640.50,908.66,2504.49,601,599,100,
-0.11,0.08,0.96,-2.57,1.19,1.75,46.74,3.96,-8.71,0.03,0.01,0.94,206.79,129.12,546.96,2191.10,551.07,2660.01,592,590,100,
-0.13,0.09,0.94,-0.84,1.23,4.74,52.54,3.88,-8.82,0.03,0.02,0.92,168.59,166.42,852.53,2788.12,540.46,2786.33,598,591,100,
-0.11,0.05,0.96,-1.13,3.22,2.40,53.62,3.59,-8.56,0.03,0.01,0.95,207.53,178.61,436.74,2887.15,450.77,2559.27,591,586,100,
-0.13,0.08,0.96,-0.52,1.03,-1.55,57.74,3.43,-8.80,0.03,0.01,0.95,163.27,141.79,306.59,3342.05,427.02,2799.49,601,589,100,
-0.11,0.06,0.95,-0.16,1.69,4.11,57.95,3.43,-8.72,0.03,0.01,0.93,148.57,156.09,389.65,3362.55,422.83,2720.89,598,586,100,
-0.11,0.09,0.96,-1.55,1.75,0.91,59.36,3.29,-8.91,0.03,0.02,0.94,154.65,128.95,203.77,3531.58,385.75,2826.53,596,598,100,
-0.13,0.08,0.96,-0.63,1.62,-2.55,55.80,3.49,-8.56,0.04,0.01,0.94,159.17,205.97,322.77,3121.36,446.03,2677.16,604,594,100,
-0.15,0.08,0.95,-0.75,2.23,1.16,57.60,3.50,-8.64,0.04,0.02,0.92,218.23,162.09,367.32,3323.98,440.98,2679.84,599,587,100,
-0.07,0.11,0.96,-0.33,1.94,-0.22,53.46,3.84,-8.41,0.02,0.02,0.95,133.83,139.87,482.75,2862.47,513.78,2452.51,589,581,100,
-0.12,0.11,0.96,-0.95,1.44,1.65,56.18,3.77,-8.64,0.03,0.02,0.94,117.86,200.79,240.79,3157.76,511.33,2676.91,599,595,100,
-0.08,0.11,0.96,-0.90,2.25,2.54,56.43,3.70,-8.56,0.02,0.02,0.96,151.49,113.22,457.50,3187.25,492.77,2628.13,599,588,100,
-0.10,0.09,0.96,-0.76,1.52,-0.41,58.30,3.66,-8.12,0.03,0.02,0.96,181.12,263.89,744.97,3403.81,481.14,2365.44,599,587,100,
-0.12,0.11,0.96,-1.61,2.68,5.29,61.75,3.44,-8.36,0.03,0.02,0.95,245.79,232.57,1254.10,3834.15,434.64,2512.79,599,595,100,
0.03,0.10,0.96,0.02,1.98,-5.09,57.22,4.38,-8.08,0.02,0.02,0.94,70.43,120.37,480.01,3281.41,684.16,2321.12,596,589,100,
-0.04,0.03,0.97,-0.04,0.79,0.04,56.25,4.38,-8.16,0.01,0.01,0.98,124.93,91.33,534.87,3168.75,672.98,2326.33,591,585,100,
-0.10,0.06,0.96,-1.33,2.20,2.30,56.76,3.85,-8.09,0.03,0.01,0.96,170.00,177.48,482.96,3226.91,521.56,2305.39,593,598,100,
-0.10,0.08,0.96,-1.41,1.86,0.39,56.79,3.83,-8.18,0.03,0.01,0.95,166.04,199.08,572.03,3228.06,511.51,2333.74,596,587,101,
-0.12,0.06,0.95,-1.52,1.87,2.51,56.18,3.80,-7.99,0.03,0.01,0.93,140.37,184.73,438.00,3160.05,509.32,2255.21,600,584,101,
-0.15,0.05,0.96,0.14,1.51,-2.58,55.62,3.78,-8.04,0.03,0.01,0.93,108.95,152.18,202.04,3097.53,505.56,2284.84,600,592,101,
-0.15,0.08,0.96,-1.66,1.70,0.99,52.05,3.94,-7.97,0.03,0.01,0.93,135.22,140.70,356.78,2711.35,545.69,2235.83,593,590,100,
-0.18,0.10,0.95,-0.69,2.18,1.29,53.82,3.90,-8.06,0.05,0.02,0.92,162.17,154.86,408.56,2899.60,538.61,2299.70,595,589,100,
-0.14,0.10,0.95,-0.49,1.67,-0.46,53.20,3.92,-7.96,0.04,0.02,0.94,159.87,182.22,274.11,2832.00,555.26,2288.87,601,591,100,
-0.15,0.11,0.95,-0.74,1.99,-0.64,53.69,3.99,-8.09,0.04,0.02,0.93,144.13,150.29,444.99,2887.48,565.60,2328.13,596,578,100,
-0.15,0.14,0.95,0.82,0.60,-12.13,41.02,3.10,-7.40,0.04,0.03,0.94,163.85,170.78,584.17,1714.81,360.49,1953.51,596,593,100,
-0.15,0.09,0.94,1.62,1.63,1.82,29.20,4.83,-5.23,0.03,0.02,0.91,153.15,167.32,514.08,854.22,818.38,961.69,591,589,100,
-0.14,0.05,0.96,-0.35,1.67,2.07,31.20,4.52,-6.09,0.03,0.01,0.95,154.96,206.12,545.04,974.51,732.64,1327.04,597,592,100,
-0.14,0.06,0.95,-2.06,2.21,3.11,32.32,4.56,-6.30,0.03,0.01,0.93,162.30,238.18,263.09,1046.08,751.97,1431.37,600,589,100,
-0.13,0.07,0.95,-1.24,1.44,0.74,32.51,4.72,-6.36,0.03,0.01,0.92,171.88,147.28,380.58,1057.58,801.55,1452.02,599,598,100,
-0.16,0.10,0.95,-1.34,1.03,1.33,33.01,4.56,-6.51,0.04,0.02,0.94,208.52,193.50,335.25,1090.99,732.48,1490.53,592,582,100,
-0.13,0.05,0.96,-0.06,2.67,-2.19,31.71,4.58,-6.39,0.03,0.01,0.96,224.24,205.87,375.99,1006.74,748.54,1455.47,596,596,100,
-0.12,0.03,0.96,-1.21,1.47,0.97,31.01,4.22,-6.22,0.03,0.01,0.94,210.97,236.37,639.52,962.96,632.98,1372.47,595,591,100,
-0.09,0.05,0.96,0.19,1.80,-0.48,31.46,4.50,-6.48,0.02,0.01,0.94,158.37,366.43,425.06,990.76,711.03,1472.27,592,585,100,
-0.06,0.04,0.97,-1.54,2.69,0.95,30.37,4.45,-6.63,0.02,0.01,0.97,135.66,327.27,510.60,923.20,693.26,1536.07,591,592,100,
-0.08,0.07,0.96,-0.82,1.31,2.52,31.17,4.77,-6.54,0.02,0.01,0.95,168.51,229.73,431.94,972.54,812.57,1526.54,597,592,100,
-0.09,0.07,0.96,0.28,1.52,-1.38,30.53,4.73,-6.35,0.02,0.01,0.94,183.47,238.73,377.18,933.14,799.49,1437.62,597,594,100,
-0.14,0.10,0.96,-0.93,1.34,0.75,31.53,5.05,-6.22,0.03,0.02,0.94,199.92,214.53,283.43,994.73,915.76,1386.79,598,594,100,
-0.13,0.08,0.95,-2.13,2.15,3.58,31.43,4.96,-6.26,0.03,0.01,0.92,173.01,192.90,321.53,988.83,889.25,1412.71,600,591,100,
-0.11,0.07,0.95,-0.77,0.95,-0.68,30.81,4.72,-6.32,0.03,0.01,0.93,213.72,184.66,386.94,950.23,798.07,1426.76,597,591,100,
-0.16,0.09,0.96,-1.44,1.05,0.71,31.32,4.74,-6.44,0.04,0.01,0.95,209.93,170.32,379.98,981.19,793.48,1463.23,594,590,100,
-0.12,0.12,0.95,-0.86,1.99,0.99,31.08,4.76,-6.33,0.03,0.02,0.94,157.97,173.13,339.03,966.47,818.69,1444.13,600,586,100,
-0.10,0.09,0.96,-0.59,2.19,-0.09,30.46,4.73,-6.43,0.03,0.01,0.96,193.38,266.96,398.60,928.60,800.70,1475.22,597,587,100,
-0.02,0.07,0.97,-1.41,1.08,-0.72,28.58,4.33,-6.60,0.01,0.01,0.96,78.66,60.37,209.75,817.05,644.57,1491.24,591,590,101,
0.01,0.09,0.97,-0.41,1.35,3.09,29.00,4.90,-6.29,0.02,0.01,0.97,140.51,131.60,532.93,844.45,851.01,1392.19,592,588,100,
-0.04,0.05,0.97,-0.74,2.28,-1.94,32.23,5.35,-5.69,0.02,0.01,0.97,107.72,101.76,280.87,1040.91,1024.95,1159.97,598,590,100,
-0.04,0.06,0.96,-1.58,1.65,3.23,31.61,5.27,-5.61,0.01,0.01,0.96,134.53,123.18,322.92,1000.25,996.26,1126.90,598,591,100,
-0.07,0.06,0.97,-0.87,0.29,0.03,32.63,5.61,-5.74,0.02,0.01,0.97,158.47,126.11,359.65,1065.31,1112.36,1163.65,594,591,100,
-0.14,0.04,0.96,-0.76,1.08,0.10,31.51,5.16,-6.21,0.03,0.01,0.95,207.60,147.55,215.50,993.16,925.03,1339.51,595,589,101,
-0.10,0.08,0.96,-1.01,2.36,0.28,30.64,4.74,-6.59,0.03,0.01,0.96,215.79,245.15,300.13,939.20,805.15,1554.64,598,593,100,
-0.12,0.07,0.95,-0.86,2.48,-0.75,31.95,4.54,-6.78,0.03,0.01,0.93,219.94,258.06,440.60,1021.67,737.42,1637.63,603,591,101,
-0.14,0.08,0.96,-0.07,1.64,0.60,32.30,4.41,-6.75,0.04,0.01,0.95,212.82,240.30,296.29,1043.75,687.65,1608.86,594,593,100,
-0.08,0.03,0.96,-1.10,2.32,0.37,29.58,4.24,-6.46,0.02,0.01,0.94,168.40,218.16,380.07,876.02,662.75,1531.22,605,591,100,
-0.08,0.06,0.96,-1.61,1.93,2.36,29.20,4.33,-6.60,0.02,0.01,0.95,214.11,246.44,325.92,853.04,664.18,1538.07,594,592,100,
-0.02,0.08,0.96,-1.14,3.57,2.52,29.06,4.61,-6.64,0.02,0.01,0.96,165.01,311.31,473.13,845.43,750.76,1551.77,593,586,100,
-0.01,0.11,0.97,-0.83,1.46,3.16,31.81,5.50,-6.14,0.01,0.02,0.96,151.67,176.41,437.39,1014.01,1077.30,1337.17,595,590,100,
-0.04,0.15,0.97,-0.83,0.85,-0.96,35.15,5.68,-5.12,0.01,0.03,0.96,150.73,157.17,614.24,1240.31,1144.37,938.55,595,598,100,
-0.06,0.16,0.95,-1.08,3.01,2.09,38.27,4.99,-4.71,0.02,0.03,0.93,201.17,250.36,353.72,1466.01,901.07,795.69,598,590,100,
-0.04,0.12,0.95,2.02,1.67,-1.36,38.33,5.03,-5.28,0.02,0.03,0.93,154.97,171.86,392.55,1471.10,910.05,997.12,598,588,100,
-0.05,0.02,0.97,-2.26,1.32,2.47,37.00,4.63,-5.24,0.02,0.01,0.96,117.85,192.91,374.10,1371.74,755.97,964.57,592,594,100,
-0.10,0.10,0.97,0.35,0.31,-0.27,37.59,4.96,-5.26,0.02,0.02,0.97,190.57,197.20,392.81,1414.73,865.34,972.61,598,591,101,
-0.11,0.10,0.95,-1.22,1.49,2.64,36.43,4.79,-5.25,0.02,0.02,0.94,165.81,188.69,326.54,1328.35,791.61,948.05,592,592,101,
-0.14,0.07,0.95,-1.57,1.53,-2.18,35.06,3.99,-4.99,0.02,0.01,0.92,359.94,233.64,197.16,1230.50,553.66,860.55,594,591,101,
-0.11,0.12,0.96,-1.09,1.19,0.08,34.31,4.01,-5.04,0.02,0.02,0.92,121.49,136.76,128.63,1177.34,562.11,888.48,591,588,100,
-0.13,0.11,0.95,-1.09,1.34,3.01,34.48,3.82,-4.90,0.02,0.02,0.92,139.76,132.16,216.65,1189.05,521.83,859.20,598,582,100,
-0.15,0.11,0.95,-1.13,1.98,1.18,35.16,4.23,-5.04,0.03,0.02,0.91,108.33,149.71,139.86,1236.88,635.90,902.83,596,595,100,
-0.12,0.11,0.96,-0.01,1.37,-1.60,34.72,4.25,-5.00,0.02,0.02,0.92,127.12,221.85,143.78,1206.40,643.67,889.95,596,591,100,
-0.08,0.06,0.96,-2.09,1.42,3.16,33.60,3.72,-4.99,0.01,0.01,0.93,92.32,112.06,171.03,1129.74,504.41,902.80,602,589,100,
-0.10,0.03,0.97,-0.21,1.59,-0.08,34.23,4.00,-5.02,0.02,0.01,0.94,144.52,219.53,187.86,1172.52,568.21,892.62,595,595,100,
-0.09,0.03,0.97,-0.79,1.14,1.09,33.58,3.85,-5.02,0.01,0.01,0.94,149.25,115.80,136.55,1127.75,527.40,897.37,602,591,101,
-0.10,0.00,0.96,-0.78,1.09,0.76,34.46,4.00,-4.94,0.02,0.00,0.94,333.24,139.30,150.61,1187.85,577.95,878.53,600,592,100,
-0.11,0.04,0.96,-1.58,1.27,-0.09,34.82,3.90,-4.95,0.03,0.01,0.94,314.91,522.54,689.56,1213.61,529.72,851.27,595,593,101,
-0.09,0.06,0.96,-0.04,1.61,-2.18,34.83,3.25,-4.81,0.02,0.01,0.95,149.78,69.95,639.94,1213.61,382.21,820.62,595,581,100,
-0.10,0.07,0.95,-0.74,1.25,-2.16,36.13,2.19,-4.81,0.02,0.01,0.94,158.53,132.49,398.00,1307.37,175.65,818.55,594,585,100,
-0.08,0.08,0.96,-1.07,1.00,-2.65,37.07,1.87,-4.85,0.02,0.01,0.96,127.74,92.78,258.40,1375.64,124.48,825.80,598,588,101,
-0.09,0.10,0.96,-2.05,1.91,3.20,39.52,1.31,-5.04,0.02,0.01,0.94,180.84,74.27,505.45,1564.54,63.27,884.29,595,590,101,
-0.08,0.14,0.96,-0.05,0.62,-3.98,38.86,1.40,-4.81,0.02,0.02,0.94,138.21,49.68,281.46,1512.67,74.81,838.64,602,593,100,
-0.11,0.10,0.95,-0.23,1.89,3.59,39.55,1.29,-4.95,0.02,0.02,0.93,213.65,84.65,349.09,1568.10,62.64,874.83,597,589,100,
-0.10,0.12,0.95,-0.54,2.50,-0.26,38.30,1.39,-4.94,0.02,0.02,0.92,159.98,84.16,286.31,1467.53,70.57,871.82,598,597,100,
-0.04,0.14,0.95,-1.03,1.66,-1.30,36.93,1.60,-4.89,0.01,0.03,0.93,196.80,104.32,447.21,1365.22,94.70,860.33,599,585,100,
-0.06,0.11,0.96,-0.55,1.43,-2.98,39.23,1.20,-4.99,0.01,0.02,0.94,286.51,172.46,412.60,1543.83,57.12,899.35,600,590,100,
-0.07,0.07,0.96,-0.59,2.47,0.67,42.04,0.83,-5.18,0.02,0.01,0.95,220.09,194.67,569.07,1768.81,25.12,958.77,597,586,100,
-0.02,0.07,0.97,-0.70,1.37,1.33,43.22,0.71,-5.32,0.01,0.01,0.96,164.23,114.47,297.92,1868.69,18.45,1012.23,598,595,100,
-0.06,0.07,0.96,-1.49,2.24,3.90,41.51,0.88,-5.23,0.01,0.01,0.96,196.61,174.93,536.58,1725.07,28.96,980.57,598,593,100,
-0.08,0.08,0.96,-0.93,2.76,0.94,37.97,1.39,-5.07,0.02,0.01,0.95,195.30,104.05,298.13,1442.62,69.36,901.31,592,589,100,
-0.07,0.06,0.96,-0.40,1.22,-2.95,38.75,1.20,-5.17,0.02,0.01,0.95,142.88,102.82,250.68,1504.62,54.51,958.85,598,583,100,
-0.07,0.07,0.96,-0.84,2.23,1.26,38.37,1.29,-5.18,0.02,0.01,0.95,182.73,123.24,315.54,1473.03,60.32,942.21,592,594,100,
-0.08,0.07,0.97,-1.22,1.47,2.68,38.17,1.33,-5.07,0.02,0.01,0.96,184.99,98.47,716.75,1459.10,67.45,926.05,599,589,100,
-0.08,0.06,0.96,-1.27,2.30,-0.90,38.45,1.19,-5.03,0.02,0.01,0.96,105.58,126.36,415.47,1479.58,53.10,907.57,598,591,100,
-0.06,0.08,0.96,-0.19,0.94,-0.91,39.50,1.08,-5.08,0.01,0.01,0.95,137.20,90.47,134.71,1561.46,43.27,931.19,600,591,100,
-0.05,0.08,0.96,-0.64,1.99,-0.28,40.70,0.95,-5.16,0.01,0.01,0.95,82.77,107.31,142.43,1657.69,33.10,947.01,596,584,100,
-0.10,0.03,0.96,-0.42,1.09,2.39,41.33,0.78,-5.32,0.02,0.01,0.95,85.34,104.73,178.63,1708.77,21.88,994.53,592,587,100,
-0.07,0.06,0.97,-1.44,2.44,1.38,39.27,1.09,-5.16,0.01,0.01,0.97,223.28,138.03,274.95,1543.54,43.78,951.02,597,593,100,
-0.07,0.09,0.96,-1.36,1.59,0.72,38.96,1.19,-4.98,0.02,0.02,0.95,200.78,100.44,277.18,1520.36,51.79,884.42,596,582,100,
-0.05,0.12,0.96,-1.07,1.42,2.90,36.66,1.62,-4.88,0.01,0.02,0.96,202.99,82.79,354.65,1344.95,95.68,850.74,597,584,100,
-0.03,0.12,0.96,-1.06,1.09,-1.00,37.24,1.55,-4.88,0.01,0.03,0.96,237.16,101.04,278.29,1387.90,85.07,830.01,596,591,101,
-0.05,0.12,0.96,-1.33,2.52,2.19,38.64,1.36,-4.91,0.02,0.02,0.95,233.88,98.47,360.52,1494.79,67.38,860.89,597,584,100,
-0.03,0.11,0.97,0.55,2.09,9.76,36.02,2.16,-4.95,0.01,0.02,0.97,172.84,97.92,740.72,1305.07,194.66,884.85,601,591,100,
-0.05,0.08,0.96,-1.96,1.63,1.53,34.44,3.80,-4.88,0.02,0.02,0.97,217.15,143.64,326.80,1186.83,511.87,842.35,595,590,100,
-0.05,0.08,0.96,-0.54,1.17,0.87,34.36,3.66,-4.81,0.02,0.02,0.97,168.64,160.06,311.95,1181.12,469.70,807.65,596,589,101,
-0.09,0.09,0.96,-1.16,1.42,1.24,34.78,3.81,-4.80,0.02,0.02,0.96,214.23,173.69,299.65,1209.90,500.81,791.35,592,592,101,
-0.10,0.08,0.96,-0.94,1.41,-0.37,34.38,3.41,-4.64,0.02,0.01,0.95,157.38,123.21,364.27,1182.67,413.19,762.69,600,596,101,
-0.09,0.12,0.95,-1.01,1.52,-2.83,33.96,3.23,-4.68,0.02,0.02,0.95,202.61,110.31,257.12,1153.68,364.92,760.50,594,594,101,
-0.06,0.12,0.96,-0.51,1.39,-1.82,34.50,2.23,-4.69,0.02,0.02,0.95,153.39,103.87,212.23,1190.49,177.69,777.65,594,589,100,
-0.02,0.11,0.97,-0.02,1.19,-0.25,35.75,1.72,-4.78,0.01,0.02,0.97,197.33,145.89,266.69,1279.07,104.72,801.59,592,589,100,
-0.05,0.07,0.97,-0.25,1.26,1.36,36.68,1.66,-4.79,0.02,0.01,0.97,253.16,154.24,488.24,1347.08,99.01,803.46,591,594,100,
-0.04,0.10,0.97,-0.84,1.50,-0.32,36.26,1.91,-5.00,0.01,0.02,0.96,159.35,106.81,489.19,1315.86,129.02,864.32,594,589,101,
-0.03,0.08,0.96,-1.27,2.86,4.42,35.58,1.98,-4.92,0.02,0.02,0.96,163.32,195.26,848.20,1267.43,144.01,844.90,591,596,100,
-0.05,0.03,0.97,-0.93,1.22,6.04,34.06,2.88,-4.83,0.02,0.01,0.97,181.29,186.64,608.13,1160.60,307.46,844.21,601,588,100,
-0.10,0.04,0.96,-0.58,0.78,0.58,34.92,3.49,-4.69,0.03,0.01,0.97,190.06,354.36,927.20,1220.14,444.57,791.69,600,583,100,
-0.12,0.08,0.96,-2.14,1.30,2.73,34.88,3.71,-4.71,0.03,0.02,0.96,194.11,196.85,385.83,1217.29,494.47,790.61,597,592,100,
-0.10,0.10,0.97,0.20,0.87,0.13,36.38,4.50,-5.02,0.02,0.02,0.97,279.41,235.63,461.09,1325.14,731.63,906.88,599,584,100,
-0.07,0.11,0.96,-0.71,2.19,1.50,37.26,4.91,-5.29,0.02,0.02,0.95,255.72,174.05,586.18,1394.39,862.56,997.85,596,589,100,
-0.12,0.09,0.95,0.06,0.69,-2.66,34.23,4.20,-5.29,0.03,0.02,0.95,237.87,255.08,232.40,1173.28,625.46,976.84,591,596,100,
-0.15,0.12,0.96,-2.30,2.04,7.97,40.18,4.99,-5.78,0.04,0.03,0.96,188.98,182.01,479.49,1621.40,869.60,1163.94,595,590,101,
-0.14,0.11,0.95,1.34,0.49,-7.99,35.06,4.16,-5.19,0.04,0.02,0.95,243.76,230.38,613.29,1236.35,638.33,964.49,603,601,101,
-0.14,0.10,0.95,0.64,0.82,-1.02,32.95,3.15,-5.03,0.04,0.02,0.92,272.52,268.00,759.15,1086.29,342.28,859.55,588,590,101,
-0.09,-0.03,0.95,-2.42,0.53,2.79,32.82,3.38,-5.05,0.02,0.01,0.92,80.82,109.92,624.85,1079.07,405.57,881.36,593,579,101,
-0.04,0.07,0.97,0.28,0.80,-0.22,31.29,3.16,-5.15,0.00,0.01,0.93,24.26,22.14,56.64,979.42,350.94,925.37,591,590,100,
-0.06,0.06,0.96,-0.88,1.98,0.66,31.39,3.06,-5.09,0.00,0.01,0.93,18.35,19.44,31.35,985.60,331.39,915.21,594,586,100,
-0.05,0.06,0.97,-1.53,0.53,1.55,31.41,3.03,-5.17,0.00,0.00,0.93,10.66,5.22,16.24,986.87,315.82,917.18,592,588,101,
-0.07,0.12,0.96,-1.33,1.69,0.70,31.88,3.31,-5.08,0.01,0.02,0.92,7.18,30.10,27.01,1016.95,387.60,916.23,601,592,101,
-0.04,0.07,0.97,-0.08,0.76,2.81,32.08,3.59,-5.03,0.00,0.01,0.93,2.26,12.33,27.63,1029.62,456.44,894.40,594,592,100,
-0.01,0.05,0.97,-0.98,2.52,-4.20,31.66,3.14,-5.15,0.00,0.00,0.93,25.45,49.05,88.26,1003.36,355.26,944.21,596,593,100,
0.10,0.04,0.96,0.89,1.65,6.84,30.60,3.05,-5.32,0.01,0.01,0.93,60.57,83.40,278.15,936.79,347.22,1037.30,605,589,100,
0.08,-0.03,0.97,-2.23,0.54,-2.54,30.76,3.32,-5.26,0.01,0.00,0.93,39.21,38.88,88.58,946.99,398.69,997.77,600,591,100,
0.02,0.03,0.97,-0.71,1.50,1.26,31.01,3.13,-5.15,0.00,0.00,0.94,42.47,45.44,144.49,962.17,357.83,956.50,600,589,100,
0.02,0.02,0.97,-1.72,0.67,1.27,31.31,3.29,-5.08,0.00,0.00,0.94,37.83,16.45,174.66,980.81,391.45,924.50,598,585,100,
0.02,0.10,0.97,-0.14,0.60,-2.33,31.48,2.75,-5.42,0.02,0.02,0.95,124.42,98.23,1329.00,995.54,310.56,1044.30,599,594,101,
0.01,-0.02,0.97,0.15,0.68,30.45,46.34,4.09,-5.98,0.01,0.01,0.95,139.83,69.53,1556.29,2264.28,600.44,1247.26,595,591,101,
0.02,0.02,0.97,-0.66,-1.04,-20.35,40.20,4.34,-5.30,0.01,0.00,0.95,141.43,110.39,2312.59,1700.79,691.10,1016.40,604,586,101,
-0.02,0.03,0.98,-1.89,1.81,9.44,43.61,4.71,-4.86,0.01,0.01,0.96,201.31,121.96,2290.51,1951.49,801.15,850.44,598,593,100,
-0.04,0.06,0.97,-0.78,0.95,6.94,40.90,5.19,-4.94,0.01,0.01,0.95,232.94,157.65,1141.42,1695.25,949.94,858.10,598,596,101,
-0.18,0.07,0.95,0.44,-2.45,-16.14,41.63,4.64,-4.85,0.05,0.01,0.91,173.71,131.03,971.41,1743.04,803.62,860.94,604,589,100,
-0.30,0.08,0.93,0.18,0.84,0.64,40.23,4.44,-4.78,0.09,0.01,0.86,271.73,115.11,636.87,1621.01,694.39,792.74,589,589,100,
-0.28,0.08,0.93,-4.90,3.21,13.44,43.28,5.00,-5.20,0.08,0.01,0.87,192.18,113.30,438.27,1883.50,898.12,975.31,597,589,100,
-0.07,-0.00,0.97,1.71,4.62,-9.16,39.19,4.91,-5.78,0.02,0.01,0.94,109.76,176.43,425.75,1556.46,859.16,1194.21,596,592,100,
0.05,0.01,0.97,-0.96,-0.34,0.85,34.47,4.78,-6.57,0.01,0.00,0.95,3.80,21.19,26.62,1188.90,808.34,1526.34,594,592,100,
0.02,0.02,0.97,-0.73,0.99,0.49,35.20,4.87,-6.31,0.00,0.00,0.95,0.54,0.98,0.24,1239.62,840.67,1410.19,595,591,100,
0.02,0.02,0.97,-0.69,1.00,0.50,35.18,4.81,-6.26,0.00,0.00,0.95,0.49,1.02,0.26,1238.10,844.37,1430.59,604,592,100,
0.02,0.02,0.97,-0.67,1.03,0.52,35.01,4.85,-6.29,0.00,0.00,0.95,0.47,1.07,0.28,1226.21,844.99,1419.83,599,581,100,
0.02,0.02,0.97,-0.60,1.03,0.29,34.83,4.91,-6.31,0.00,0.00,0.95,3.00,1.60,1.62,1213.08,850.76,1405.35,594,590,100,
-0.04,0.02,0.97,-1.54,0.03,0.61,28.35,2.85,-5.24,0.01,0.00,0.94,167.98,294.03,365.93,824.60,387.13,1013.99,601,587,100,
-0.22,-0.01,0.95,-0.74,0.29,1.36,28.01,1.92,-4.37,0.05,0.00,0.90,74.84,131.38,607.68,784.99,133.49,670.38,592,591,100,
-0.21,-0.01,0.95,-0.67,1.01,0.60,27.97,1.95,-4.37,0.04,0.00,0.91,0.45,1.02,0.37,782.67,135.78,679.62,597,593,100,
-0.21,-0.01,0.95,-0.65,1.02,0.61,28.04,1.93,-4.43,0.04,0.00,0.91,0.43,1.13,0.38,786.41,129.13,679.69,594,594,101,
-0.20,-0.01,0.95,-0.64,0.98,0.60,28.02,1.96,-4.42,0.04,0.00,0.91,0.41,0.97,0.36,785.24,134.65,684.20,597,592,101,
-0.20,-0.01,0.95,-0.63,0.98,0.59,27.93,1.99,-4.42,0.04,0.00,0.91,0.41,0.97,0.35,780.12,140.29,695.14,596,586,100,
-0.20,-0.01,0.95,-0.65,0.95,0.58,27.88,2.03,-4.55,0.04,0.00,0.91,0.43,0.94,0.34,777.53,140.63,708.45,591,591,101,
-0.20,-0.01,0.95,-0.64,0.93,0.58,27.82,1.98,-4.47,0.04,0.00,0.91,0.41,0.87,0.34,773.83,139.34,711.15,597,585,100,
-0.20,-0.01,0.95,-0.60,0.96,0.60,27.69,1.98,-4.47,0.04,0.00,0.91,0.36,0.92,0.36,766.63,137.00,697.60,597,598,101,
-0.20,-0.01,0.95,-0.61,0.94,0.58,27.63,1.98,-4.42,0.04,0.00,0.91,0.38,0.88,0.34,763.44,139.39,690.92,595,598,100,
-0.20,-0.01,0.95,-0.61,0.92,0.58,27.53,1.95,-4.33,0.04,0.00,0.91,0.37,0.86,0.34,758.24,137.65,676.79,601,582,100,
-0.20,-0.01,0.96,-0.60,0.92,0.57,27.80,1.97,-4.31,0.04,0.00,0.91,0.37,0.85,0.34,772.69,138.75,664.29,598,583,100,
-0.19,-0.01,0.96,-0.57,0.94,0.60,27.41,1.98,-4.31,0.04,0.00,0.91,0.33,0.90,0.36,751.44,142.83,678.75,604,593,100,
-0.19,-0.01,0.96,-0.57,0.92,0.59,27.43,2.01,-4.45,0.04,0.00,0.91,0.34,0.86,0.36,752.40,144.10,707.92,598,582,100,
-0.19,-0.01,0.96,-0.57,0.91,0.58,27.50,2.01,-4.47,0.04,0.00,0.91,0.33,0.83,0.35,756.19,140.81,697.24,596,579,101,
-0.19,-0.01,0.96,-0.56,0.90,0.58,27.22,2.01,-4.47,0.04,0.00,0.91,0.32,0.81,0.34,741.28,142.25,700.41,592,590,100,
-0.19,-0.01,0.96,-0.58,0.87,0.56,27.15,2.03,-4.45,0.04,0.00,0.91,0.34,0.78,0.32,737.32,146.27,706.41,597,593,100,
-0.19,-0.01,0.96,-0.58,0.86,0.56,27.06,2.03,-4.45,0.04,0.00,0.91,0.34,0.75,0.32,732.44,147.82,709.80,598,583,100,
-0.19,-0.01,0.96,-0.54,0.87,0.45,27.09,2.09,-4.54,0.04,0.00,0.91,0.35,0.87,0.86,733.83,151.64,719.00,596,590,101,
-0.19,-0.01,0.96,-0.56,0.85,0.55,26.85,2.05,-4.49,0.04,0.00,0.91,0.35,0.78,0.31,721.05,148.69,712.85,600,594,101,
-0.19,-0.01,0.96,-0.58,0.81,0.54,26.96,2.06,-4.43,0.04,0.00,0.91,0.35,0.68,0.30,727.01,150.76,698.82,596,590,100,
-0.19,-0.01,0.96,-0.60,0.80,0.52,26.84,2.07,-4.45,0.03,0.00,0.91,0.36,0.66,0.27,720.21,150.61,698.67,594,595,100,
-0.19,-0.01,0.96,-0.55,0.82,0.55,27.03,2.05,-4.44,0.03,0.00,0.91,0.32,0.85,0.31,730.46,148.63,695.70,594,587,100,
-0.19,-0.01,0.96,-0.56,0.81,0.55,27.16,2.01,-4.45,0.03,0.00,0.92,0.32,0.71,0.30,737.48,142.97,698.38,594,586,100,
-0.19,-0.01,0.96,-0.55,0.80,0.55,27.11,1.99,-4.38,0.03,0.00,0.92,0.33,0.81,0.31,735.24,145.27,700.08,604,596,100,
-0.18,-0.01,0.96,-0.57,0.76,0.52,26.87,2.08,-4.51,0.03,0.00,0.92,0.34,0.70,0.28,721.90,149.85,707.16,589,589,100,
-0.18,-0.01,0.96,-0.52,0.79,0.55,27.06,2.06,-4.46,0.03,0.00,0.92,0.27,0.63,0.31,732.58,147.52,687.72,588,581,100,
-0.18,-0.01,0.96,-0.49,0.81,0.57,26.99,2.03,-4.40,0.03,0.00,0.92,0.25,0.67,0.33,728.63,149.32,701.30,602,588,100,
-0.18,-0.01,0.96,-0.48,0.81,0.58,26.88,2.05,-4.48,0.03,0.00,0.92,0.24,0.68,0.34,722.36,147.43,706.14,599,591,101,
-0.18,-0.01,0.96,-0.48,0.80,0.56,26.81,2.06,-4.41,0.03,0.00,0.92,0.24,0.67,0.31,719.08,155.34,709.41,604,590,100,
-0.18,-0.01,0.96,-0.48,0.80,0.57,26.56,2.13,-4.49,0.03,0.00,0.92,0.23,0.64,0.34,705.73,158.48,703.32,596,588,101,
-0.18,-0.01,0.96,-0.46,0.80,0.58,26.50,2.10,-4.46,0.03,0.00,0.92,0.21,0.65,0.34,702.40,153.85,694.23,596,590,101,
-0.18,-0.01,0.96,-0.45,0.80,0.58,26.63,2.08,-4.47,0.03,0.00,0.92,0.21,0.65,0.35,709.29,152.62,701.71,593,593,100,
-0.18,-0.01,0.96,-0.43,0.80,0.58,26.58,2.09,-4.53,0.03,0.00,0.92,0.20,0.66,0.35,706.42,150.34,708.74,593,587,101,
-0.18,-0.01,0.96,-0.43,0.82,0.58,26.64,2.11,-4.48,0.03,0.00,0.92,0.19,0.68,0.35,709.52,154.76,695.60,594,594,101,
-0.18,-0.01,0.96,-0.45,0.79,0.57,26.63,2.09,-4.46,0.03,0.00,0.92,0.21,0.64,0.33,709.49,157.65,715.24,600,590,100,
-0.18,-0.01,0.96,-0.45,0.78,0.56,26.60,2.14,-4.56,0.03,0.00,0.92,0.21,0.62,0.32,707.56,156.90,713.15,592,586,101,
-0.18,-0.01,0.96,-0.43,0.77,0.56,26.69,2.08,-4.51,0.03,0.00,0.92,0.19,0.60,0.32,712.60,157.12,735.95,601,597,100,
-0.18,-0.01,0.96,-0.43,0.77,0.56,26.69,2.09,-4.51,0.03,0.00,0.92,0.19,0.60,0.32,712.41,156.29,731.16,599,585,100,
-0.18,-0.01,0.96,-0.40,0.78,0.57,26.55,2.14,-4.56,0.03,0.00,0.92,0.17,0.61,0.33,704.91,159.06,723.00,596,587,101,
-0.18,-0.01,0.96,-0.40,0.78,0.59,26.54,2.10,-4.54,0.03,0.00,0.92,0.16,0.62,0.35,704.24,155.03,722.90,592,593,100,
-0.18,-0.01,0.96,-0.40,0.77,0.57,26.50,2.11,-4.53,0.03,0.00,0.92,0.16,0.60,0.33,702.33,158.84,730.66,596,596,100,
-0.18,-0.01,0.96,-0.41,0.74,0.56,26.53,2.11,-4.49,0.03,0.00,0.92,0.18,0.56,0.32,703.88,158.60,715.63,602,590,101,
-0.18,-0.01,0.96,-0.39,0.75,0.57,26.60,2.12,-4.54,0.03,0.00,0.92,0.16,0.57,0.33,707.69,156.42,720.24,597,588,101,
-0.18,-0.01,0.96,-0.39,0.74,0.56,26.54,2.13,-4.58,0.03,0.00,0.92,0.16,0.56,0.32,704.23,157.59,727.80,589,594,100,
-0.18,-0.01,0.96,-0.40,0.74,0.56,26.47,2.12,-4.55,0.03,0.00,0.92,0.17,0.55,0.32,700.47,158.28,726.93,599,578,101,
-0.18,-0.01,0.96,-0.37,0.75,0.57,26.42,2.15,-4.56,0.03,0.00,0.92,0.15,0.58,0.33,698.34,159.90,717.32,593,587,101,
-0.18,-0.01,0.96,-0.37,0.74,0.56,26.35,2.14,-4.51,0.03,0.00,0.92,0.14,0.56,0.32,694.59,159.90,712.02,592,587,100,
-0.18,-0.01,0.96,-0.34,0.77,0.60,26.12,2.10,-4.43,0.03,0.00,0.92,0.12,0.61,0.36,682.13,159.65,710.62,602,594,100,
-0.18,-0.01,0.96,-0.36,0.76,0.59,26.10,2.08,-4.45,0.03,0.00,0.92,0.13,0.58,0.36,681.25,156.81,718.15,602,588,100,
-0.18,-0.01,0.96,-0.33,0.76,0.61,26.04,2.12,-4.47,0.03,0.00,0.92,0.12,0.59,0.37,678.24,159.14,707.82,595,587,100,
-0.18,-0.01,0.96,-0.36,0.72,0.57,26.12,2.14,-4.55,0.03,0.00,0.92,0.14,0.53,0.33,682.32,156.77,707.18,590,589,101,
-0.18,-0.01,0.96,-0.35,0.71,0.56,26.15,2.13,-4.51,0.03,0.00,0.92,0.13,0.51,0.32,683.71,161.21,721.80,595,587,100,
-0.18,-0.01,0.96,-0.34,0.73,0.57,25.73,2.14,-4.49,0.03,0.00,0.92,0.12,0.54,0.33,661.95,162.30,715.07,596,595,100,
-0.18,-0.01,0.96,-0.35,0.71,0.56,25.90,2.18,-4.56,0.03,0.00,0.92,0.13,0.50,0.32,671.14,166.13,723.44,596,596,101,
-0.18,-0.01,0.96,-0.35,0.69,0.54,25.92,2.16,-4.51,0.03,0.00,0.92,0.13,0.49,0.30,672.11,164.03,719.43,600,596,101,
-0.18,-0.01,0.96,-0.34,0.71,0.57,25.95,2.17,-4.50,0.03,0.00,0.92,0.12,0.51,0.33,673.26,166.53,716.65,601,590,101,
-0.18,-0.01,0.96,-0.34,0.70,0.57,25.94,2.15,-4.48,0.03,0.00,0.92,0.12,0.50,0.33,672.93,164.11,716.47,597,591,100,
-0.18,-0.01,0.96,-0.33,0.70,0.56,25.89,2.18,-4.61,0.03,0.00,0.92,0.12,0.50,0.32,670.36,160.87,716.78,587,583,101,
-0.18,-0.01,0.96,-0.33,0.70,0.57,25.99,2.14,-4.57,0.03,0.00,0.92,0.12,0.50,0.33,675.37,160.48,736.16,593,591,100,
-0.18,-0.01,0.96,-0.28,0.74,0.60,25.82,2.17,-4.60,0.03,0.00,0.92,0.09,0.56,0.37,666.65,162.21,727.72,592,586,101,
-0.18,-0.01,0.96,-0.30,0.72,0.58,25.98,2.17,-4.57,0.03,0.00,0.92,0.10,0.52,0.34,674.96,166.87,737.07,600,594,101,
-0.18,-0.01,0.96,-0.34,0.69,0.56,25.90,2.18,-4.54,0.03,0.00,0.92,0.12,0.48,0.32,670.93,167.74,727.32,600,590,101,
-0.18,-0.01,0.96,-0.30,0.71,0.58,25.88,2.23,-4.60,0.03,0.00,0.92,0.10,0.51,0.34,669.82,171.65,730.50,593,585,101,
-0.18,-0.01,0.96,-0.32,0.69,0.56,25.82,2.22,-4.62,0.03,0.00,0.92,0.11,0.49,0.32,666.85,169.60,732.88,586,585,100,
-0.18,-0.01,0.96,-0.28,0.72,0.57,25.81,2.21,-4.56,0.03,0.00,0.92,0.09,0.52,0.33,666.03,170.78,727.94,598,592,101,
-0.18,-0.01,0.96,-0.26,0.73,0.59,25.77,2.22,-4.57,0.03,0.00,0.92,0.08,0.54,0.36,664.13,174.06,736.30,599,592,101,
-0.18,-0.01,0.96,-0.27,0.73,0.59,25.58,2.22,-4.60,0.03,0.00,0.92,0.08,0.53,0.35,654.25,170.97,736.95,596,589,101,
-0.18,-0.01,0.96,-0.28,0.70,0.58,25.48,2.20,-4.52,0.03,0.00,0.92,0.08,0.50,0.34,649.34,172.46,731.25,604,592,101,
-0.18,-0.01,0.96,-0.29,0.69,0.57,25.58,2.20,-4.59,0.03,0.00,0.92,0.09,0.48,0.33,654.31,168.24,730.05,594,586,101,
-0.17,-0.01,0.96,-0.28,0.69,0.56,25.59,2.22,-4.62,0.03,0.00,0.92,0.09,0.48,0.32,655.07,167.01,725.24,589,587,101,
-0.17,-0.01,0.96,-0.28,0.69,0.57,25.61,2.23,-4.60,0.03,0.00,0.92,0.09,0.48,0.33,656.06,171.50,731.01,594,596,101,
-0.17,-0.01,0.96,-0.26,0.68,0.56,25.63,2.25,-4.64,0.03,0.00,0.92,0.08,0.47,0.32,657.12,172.48,733.85,590,579,101,
-0.17,-0.01,0.96,-0.27,0.67,0.56,25.75,2.20,-4.52,0.03,0.00,0.92,0.08,0.46,0.32,663.07,170.73,721.08,594,596,100,
-0.17,-0.01,0.96,-0.25,0.69,0.56,25.73,2.21,-4.58,0.03,0.00,0.92,0.07,0.48,0.32,662.11,169.51,729.72,595,593,101,
-0.17,-0.01,0.96,-0.28,0.67,0.55,25.70,2.25,-4.62,0.03,0.00,0.92,0.09,0.45,0.31,660.83,174.12,734.12,592,591,101,
-0.17,-0.01,0.96,-0.25,0.67,0.56,25.65,2.20,-4.58,0.03,0.00,0.92,0.07,0.46,0.32,658.05,166.99,727.38,594,587,101,
-0.17,-0.01,0.96,-0.24,0.69,0.57,25.50,2.19,-4.56,0.03,0.00,0.92,0.07,0.48,0.33,650.45,168.08,726.47,597,590,101,
-0.17,-0.01,0.96,-0.24,0.69,0.57,25.72,2.17,-4.53,0.03,0.00,0.92,0.07,0.48,0.33,661.82,169.34,736.26,599,587,100,
-0.17,-0.01,0.96,-0.22,0.71,0.59,25.76,2.22,-4.55,0.03,0.00,0.92,0.06,0.51,0.35,663.45,174.56,734.55,595,596,100,
-0.17,-0.01,0.96,-0.22,0.69,0.58,25.69,2.20,-4.52,0.03,0.00,0.92,0.06,0.48,0.35,660.14,170.55,722.68,594,592,100,
-0.17,-0.01,0.96,-0.22,0.68,0.57,25.64,2.23,-4.48,0.03,0.00,0.92,0.06,0.48,0.33,657.65,175.08,704.62,598,592,101,
-0.17,-0.01,0.96,-0.24,0.66,0.55,25.58,2.22,-4.60,0.03,0.00,0.92,0.07,0.44,0.31,654.33,170.58,730.73,587,583,100,
-0.17,-0.01,0.96,-0.22,0.67,0.57,25.57,2.21,-4.58,0.03,0.00,0.92,0.06,0.46,0.33,653.82,172.38,738.90,599,592,101,
-0.17,-0.01,0.96,-0.21,0.69,0.57,25.71,2.24,-4.56,0.03,0.00,0.92,0.06,0.48,0.33,661.25,179.14,744.30,598,588,100,
-0.17,-0.01,0.96,-0.23,0.65,0.54,25.79,2.22,-4.61,0.03,0.00,0.92,0.07,0.44,0.30,665.07,171.40,740.74,596,587,101,
-0.17,-0.01,0.96,-0.24,0.63,0.54,25.59,2.21,-4.64,0.03,0.00,0.92,0.07,0.41,0.30,654.82,169.22,748.64,595,593,101,
-0.17,-0.01,0.96,-0.22,0.65,0.54,25.53,2.19,-4.55,0.03,0.00,0.92,0.06,0.44,0.30,652.10,169.82,735.17,596,588,100,
-0.17,-0.01,0.96,-0.23,0.64,0.54,25.50,2.17,-4.53,0.03,0.00,0.92,0.07,0.42,0.29,650.12,163.81,718.52,591,582,100,
-0.17,-0.01,0.96,-0.18,0.68,0.57,25.48,2.22,-4.58,0.03,0.00,0.92,0.05,0.48,0.33,649.58,171.57,729.40,590,592,100,
-0.17,-0.01,0.96,-0.19,0.66,0.55,25.43,2.21,-4.52,0.03,0.00,0.92,0.06,0.45,0.32,647.01,171.21,713.20,597,587,101,
-0.17,-0.01,0.96,-0.20,0.65,0.54,25.75,2.25,-4.50,0.03,0.00,0.92,0.07,0.44,0.30,663.27,175.88,706.04,596,580,101,
-0.17,-0.01,0.96,-0.21,0.64,0.55,25.59,2.21,-4.50,0.03,0.00,0.92,0.06,0.42,0.31,655.03,174.68,722.94,598,589,100,
-0.17,-0.01,0.96,-0.21,0.64,0.54,25.53,2.22,-4.52,0.03,0.00,0.92,0.06,0.43,0.30,652.10,176.20,729.99,604,589,101,
-0.17,-0.01,0.96,-0.21,0.64,0.54,25.57,2.31,-4.62,0.03,0.00,0.92,0.06,0.43,0.30,654.04,183.13,731.19,591,584,101,
-0.17,-0.01,0.96,-0.19,0.64,0.54,25.81,2.31,-4.58,0.03,0.00,0.92,0.06,0.43,0.30,666.04,185.91,734.54,597,597,101,
-0.17,-0.01,0.96,-0.19,0.66,0.56,25.65,2.28,-4.52,0.03,0.00,0.92,0.06,0.45,0.33,658.05,183.78,722.10,601,590,101,
-0.17,-0.01,0.96,-0.18,0.66,0.56,25.51,2.25,-4.52,0.03,0.00,0.92,0.07,0.53,0.33,650.89,179.89,729.44,603,597,101,
-0.17,-0.01,0.96,-0.18,0.65,0.56,25.56,2.25,-4.57,0.03,0.00,0.92,0.10,0.48,0.34,653.58,179.21,737.54,600,595,101,
0.03,0.02,0.97,-0.33,0.86,1.62,32.82,4.39,-3.95,0.00,0.00,0.94,0.12,0.76,2.65,1077.48,678.67,550.29,599,589,101,
0.03,0.02,0.97,-0.30,0.82,1.56,32.72,4.36,-4.00,0.00,0.00,0.95,0.10,0.68,2.46,1070.61,677.03,569.69,597,595,100,
0.02,0.02,0.97,-0.27,0.81,1.55,33.02,4.38,-3.90,0.00,0.00,0.95,0.08,0.67,2.40,1090.56,684.65,542.99,598,596,100,
0.02,0.02,0.97,-0.24,0.82,1.56,32.94,4.46,-4.05,0.00,0.00,0.95,0.07,0.67,2.44,1085.04,679.35,560.39,590,580,101,
0.02,0.02,0.97,-0.23,0.79,1.54,32.86,4.45,-4.07,0.00,0.00,0.95,0.06,0.63,2.37,1079.60,691.38,578.18,597,587,101,
0.02,0.02,0.97,-0.22,0.80,1.53,32.56,4.43,-4.06,0.00,0.00,0.95,0.06,0.64,2.34,1060.36,677.50,570.04,594,592,101,
0.02,0.02,0.97,-0.23,0.77,1.51,32.72,4.39,-4.04,0.00,0.00,0.95,0.06,0.60,2.27,1070.83,670.12,569.91,596,587,101,
0.02,0.02,0.97,-0.23,0.77,1.49,32.71,4.41,-4.07,0.00,0.00,0.95,0.06,0.62,2.23,1069.72,675.74,573.99,595,592,101,
0.02,0.02,0.97,-0.22,0.75,1.48,32.87,4.40,-4.03,0.00,0.00,0.95,0.06,0.57,2.19,1080.84,674.20,565.98,590,582,100,
0.02,0.02,0.97,-0.19,0.78,1.48,33.11,4.26,-3.97,0.00,0.00,0.95,0.05,0.62,2.21,1096.04,659.32,571.71,602,591,100,
0.02,0.02,0.97,-0.18,0.77,1.49,33.02,4.29,-4.03,0.00,0.00,0.95,0.04,0.61,2.22,1090.44,658.64,580.01,598,597,100,
0.02,0.02,0.97,-0.22,0.71,1.44,32.76,4.34,-4.12,0.00,0.00,0.95,0.06,0.51,2.08,1073.33,659.15,593.03,597,591,101,
0.02,0.02,0.97,-0.21,0.72,1.46,32.90,4.36,-4.12,0.00,0.00,0.95,0.06,0.54,2.14,1082.26,657.06,586.13,594,585,101,
0.02,0.02,0.97,-0.22,0.70,1.45,32.75,4.34,-4.11,0.00,0.00,0.95,0.06,0.51,2.10,1072.70,656.96,588.21,596,595,101,
0.02,0.02,0.97,-0.22,0.68,1.42,32.79,4.32,-4.08,0.00,0.00,0.95,0.07,0.48,2.03,1074.96,657.59,587.91,600,595,101,
0.02,0.02,0.97,-0.20,0.69,1.43,32.64,4.36,-4.15,0.00,0.00,0.95,0.06,0.49,2.04,1065.16,658.89,598.82,589,587,100,
0.02,0.02,0.97,-0.21,0.68,1.41,32.65,4.32,-4.08,0.00,0.00,0.95,0.06,0.48,2.00,1066.18,654.33,582.47,592,593,100,
0.02,0.02,0.97,-0.18,0.68,1.40,32.75,4.34,-4.05,0.00,0.00,0.95,0.46,0.48,1.98,1072.81,667.95,582.78,596,589,100,
0.02,0.02,0.97,-0.18,0.69,1.41,32.83,4.37,-4.09,0.00,0.00,0.95,0.06,0.50,2.00,1077.72,662.16,581.84,595,594,101,
0.02,0.02,0.97,-0.20,0.69,1.40,32.87,4.31,-4.12,0.00,0.00,0.94,0.15,0.56,2.01,1080.63,662.84,606.60,597,594,100,
0.02,0.01,0.97,-0.24,0.60,-2.87,29.99,4.37,-4.09,0.00,0.00,0.94,13.73,7.02,134.56,907.12,677.38,595.24,596,588,100,
0.02,0.01,0.97,-0.10,0.77,1.34,26.77,4.48,-4.26,0.00,0.00,0.95,2.27,2.66,2.41,716.44,685.39,619.62,590,592,101,
0.02,0.01,0.97,-0.30,0.62,1.40,26.79,4.36,-4.13,0.00,0.00,0.95,1.79,1.63,2.49,717.72,677.16,607.07,597,592,100,
0.02,0.01,0.97,-0.12,0.75,1.35,26.65,4.37,-4.06,0.00,0.00,0.95,1.53,1.70,2.26,710.30,681.56,591.08,598,591,100,
0.02,0.01,0.97,-0.09,0.73,1.37,26.63,4.35,-4.06,0.00,0.00,0.95,1.56,2.40,2.30,709.31,680.16,593.20,600,580,100,
0.02,0.01,0.97,-0.13,0.73,1.34,26.51,4.40,-4.12,0.00,0.00,0.95,2.14,2.61,2.27,702.65,669.29,588.69,594,585,101,
0.02,0.01,0.97,-0.12,0.75,1.33,26.53,4.44,-4.16,0.00,0.00,0.95,2.34,2.27,2.40,704.07,671.35,591.69,590,590,101,
0.02,0.01,0.97,-0.21,0.67,1.38,26.45,4.35,-4.11,0.00,0.00,0.94,2.50,2.30,2.59,699.95,669.24,598.89,595,587,100,
0.02,0.01,0.97,-0.07,0.79,1.43,26.43,4.31,-4.10,0.00,0.00,0.94,2.39,2.34,2.79,698.84,665.76,604.34,599,591,100,
0.02,0.01,0.97,-0.00,0.84,1.37,26.62,4.31,-4.09,0.00,0.00,0.94,2.14,2.28,2.45,708.73,665.10,601.99,599,587,100,
0.02,0.01,0.97,-0.15,0.71,1.39,26.60,4.28,-4.10,0.00,0.00,0.94,0.84,1.10,2.17,707.53,666.66,612.46,603,594,100,
0.02,0.01,0.97,-0.10,0.77,1.39,26.36,4.36,-4.22,0.00,0.00,0.95,0.49,1.31,2.08,694.93,665.22,624.70,598,586,101,
0.02,0.01,0.97,-0.12,0.71,1.38,26.32,4.39,-4.21,0.00,0.00,0.94,0.08,0.55,1.92,692.77,666.98,613.80,594,593,101,
0.02,0.01,0.97,-0.12,0.72,1.40,26.62,4.35,-4.16,0.00,0.00,0.94,0.19,0.64,2.01,708.46,666.80,610.28,593,592,100,
0.02,0.01,0.97,-0.16,0.69,1.37,26.54,4.31,-4.15,0.00,0.00,0.95,0.87,1.85,2.08,704.22,667.98,618.87,600,588,100,
0.02,0.01,0.97,-0.11,0.69,1.38,26.59,4.36,-4.13,0.00,0.00,0.95,1.16,1.18,2.03,707.03,661.05,593.20,590,579,100,
0.02,0.01,0.97,-0.13,0.67,1.38,26.58,4.26,-4.11,0.00,0.00,0.94,0.31,1.02,1.98,706.37,655.51,611.90,601,593,100,
0.02,0.01,0.97,-0.06,0.78,1.40,26.41,4.35,-4.14,0.00,0.00,0.94,1.15,1.82,2.26,697.51,662.22,601.36,598,591,101,
0.02,0.01,0.97,-0.08,0.73,1.36,26.52,4.34,-4.14,0.00,0.00,0.95,0.76,1.08,2.05,703.68,670.71,609.03,602,583,101,
0.02,0.01,0.97,-0.10,0.68,1.37,26.56,4.29,-4.13,0.00,0.00,0.95,0.15,0.57,1.92,705.74,659.14,613.83,599,589,100,
0.02,0.01,0.97,-0.12,0.67,1.35,26.51,4.35,-4.18,0.00,0.00,0.94,0.07,0.48,1.84,702.99,666.58,617.44,600,586,101,
0.02,0.01,0.97,-0.13,0.66,1.33,26.54,4.40,-4.19,0.00,0.00,0.94,0.05,0.47,1.78,704.31,673.89,612.37,596,589,101,
0.02,0.01,0.97,-0.12,0.66,1.32,26.60,4.34,-4.13,0.00,0.00,0.94,0.03,0.45,1.76,707.67,661.74,597.74,598,588,101,
0.02,0.01,0.97,-0.09,0.67,1.35,26.63,4.36,-4.14,0.00,0.00,0.94,0.02,0.47,1.83,709.23,654.40,590.24,592,593,101,
0.02,0.01,0.97,-0.09,0.68,1.35,26.65,4.38,-4.14,0.00,0.00,0.95,0.02,0.48,1.83,710.21,660.13,592.59,593,596,101,
0.02,0.01,0.97,-0.12,0.66,1.33,26.53,4.31,-4.12,0.00,0.00,0.95,0.03,0.44,1.78,704.02,663.42,605.46,597,591,100,
0.02,0.01,0.97,-0.11,0.66,1.33,26.64,4.32,-4.08,0.00,0.00,0.95,0.03,0.45,1.77,709.66,664.08,592.30,596,590,100,
0.02,0.01,0.97,-0.11,0.66,1.33,26.54,4.37,-4.09,0.00,0.00,0.95,0.03,0.45,1.77,704.51,668.09,586.12,592,584,100,
0.02,0.01,0.97,-0.08,0.68,1.36,26.77,4.39,-4.12,0.00,0.00,0.94,0.02,0.47,1.85,716.91,668.20,586.95,594,587,101,
0.02,0.01,0.97,-0.07,0.70,1.36,26.71,4.29,-4.05,0.00,0.00,0.95,0.02,0.50,1.86,713.42,665.44,594.14,601,589,100,
0.02,0.01,0.97,-0.10,0.65,1.34,26.56,4.33,-4.12,0.00,0.00,0.94,0.02,0.43,1.79,705.31,670.66,607.50,598,583,100,
0.02,0.01,0.97,-0.15,0.62,1.29,26.76,4.34,-4.18,0.00,0.00,0.95,0.04,0.40,1.67,715.96,662.43,616.00,599,591,101,
0.02,0.01,0.97,-0.15,0.61,1.30,26.57,4.39,-4.15,0.00,0.00,0.95,0.04,0.43,1.69,706.10,675.39,603.49,598,587,101,
0.02,0.01,0.97,-0.13,0.63,1.32,26.61,4.38,-4.11,0.00,0.00,0.95,0.03,0.43,1.75,707.93,673.31,594.09,599,589,101,
0.02,0.01,0.97,-0.11,0.66,1.34,26.61,4.39,-4.09,0.00,0.00,0.95,0.03,0.49,1.79,708.22,676.63,586.15,592,590,100,
0.02,0.01,0.97,-0.10,0.67,1.34,26.62,4.38,-4.03,0.00,0.00,0.94,0.02,0.47,1.80,708.58,696.13,589.95,602,591,100,
0.02,0.01,0.97,-0.08,0.68,1.36,26.71,4.43,-4.11,0.00,0.00,0.94,0.02,0.48,1.85,713.69,687.54,592.17,598,594,101,
0.02,0.01,0.97,-0.11,0.66,1.34,26.82,4.37,-4.14,0.00,0.00,0.95,0.02,0.44,1.79,719.25,667.90,597.86,597,585,101,
0.02,0.01,0.97,-0.09,0.65,1.33,26.53,4.34,-4.09,0.00,0.00,0.95,0.02,0.44,1.79,703.74,670.74,597.34,597,581,100,
0.02,0.01,0.97,-0.09,0.66,1.34,26.52,4.37,-4.15,0.00,0.00,0.95,0.02,0.44,1.80,703.43,661.83,598.52,595,592,101,
0.02,0.01,0.97,-0.08,0.66,1.34,26.48,4.31,-4.10,0.00,0.00,0.95,0.02,0.45,1.80,701.32,668.89,606.01,600,586,100,
0.02,0.01,0.97,-0.08,0.67,1.34,26.49,4.40,-4.14,0.00,0.00,0.94,0.02,0.47,1.79,701.63,680.25,600.21,598,588,101,
0.02,0.01,0.97,-0.05,0.68,1.35,26.70,4.38,-4.08,0.00,0.00,0.94,0.42,0.47,1.83,713.09,680.70,590.42,602,595,101,
0.02,0.01,0.97,-0.08,0.68,1.35,26.71,4.46,-4.17,0.00,0.00,0.94,0.02,0.48,1.83,713.47,679.90,594.44,590,593,101,
0.02,0.01,0.97,-0.08,0.66,1.34,26.54,4.42,-4.09,0.00,0.00,0.94,0.02,0.44,1.79,704.29,683.79,587.53,598,587,101,
0.02,0.01,0.97,-0.11,0.64,1.31,26.73,4.41,-4.11,0.00,0.00,0.94,0.02,0.42,1.73,714.78,678.17,590.32,591,590,100,
0.02,0.01,0.97,-0.10,0.65,1.32,26.76,4.39,-4.10,0.00,0.00,0.94,0.02,0.44,1.74,716.41,678.17,590.30,593,589,100,
0.02,0.01,0.97,-0.09,0.66,1.32,26.67,4.39,-4.10,0.00,0.00,0.94,0.02,0.45,1.75,711.33,670.25,584.33,595,588,101,
0.02,0.01,0.97,-0.11,0.65,1.32,26.67,4.38,-4.07,0.00,0.00,0.94,0.02,0.43,1.74,711.48,675.25,583.71,599,586,101,
0.02,0.01,0.97,-0.08,0.68,1.34,26.80,4.29,-4.06,0.00,0.00,0.94,0.02,0.48,1.80,718.15,671.94,602.46,604,598,100,
0.02,0.01,0.97,-0.08,0.67,1.34,26.61,4.33,-4.09,0.00,0.00,0.94,0.02,0.46,1.79,708.07,668.58,597.01,597,595,100,
0.02,0.01,0.97,0.18,0.61,2.67,27.25,4.33,-4.08,0.00,0.00,0.94,2.81,1.44,47.90,742.93,670.56,596.06,598,584,100,
0.00,0.02,0.97,-0.25,0.88,2.50,26.23,4.62,-4.16,0.00,0.00,0.94,0.15,1.02,38.72,688.96,763.80,620.00,604,587,101,
0.00,0.02,0.97,-0.28,0.76,1.30,26.82,4.69,-4.17,0.00,0.00,0.95,0.09,0.60,1.72,719.54,778.34,614.54,595,585,100,
0.00,0.02,0.97,-0.25,0.78,1.32,26.73,4.70,-4.19,0.00,0.00,0.95,0.07,0.62,1.75,714.68,776.99,616.70,593,591,100,
0.00,0.02,0.97,-0.24,0.74,1.29,26.77,4.64,-4.12,0.00,0.00,0.95,0.07,0.56,1.67,716.94,777.72,612.62,601,592,100,
0.00,0.02,0.97,-0.24,0.73,1.28,26.92,4.75,-4.22,0.00,0.00,0.95,0.06,0.54,1.65,724.79,780.03,615.50,594,587,101,
0.00,0.02,0.97,-0.22,0.73,1.28,27.03,4.72,-4.19,0.00,0.00,0.95,0.06,0.54,1.65,730.56,784.52,616.92,599,585,101,
-0.00,0.02,0.97,-0.24,0.68,1.75,27.46,4.76,-4.16,0.00,0.00,0.95,0.15,0.65,33.21,754.63,792.04,605.37,597,593,101,
-0.00,0.02,0.97,-0.21,0.73,1.27,27.73,4.76,-4.22,0.00,0.00,0.95,0.06,0.55,1.64,769.22,784.90,618.33,595,587,101,
-0.00,0.03,0.97,-0.20,0.69,1.18,27.83,4.77,-4.23,0.00,0.00,0.95,0.06,0.50,1.53,774.81,783.68,616.29,593,584,101,
-0.00,0.03,0.97,-0.18,0.70,1.22,27.91,4.75,-4.25,0.00,0.00,0.95,0.06,0.51,1.50,779.35,781.40,625.26,594,594,101,
-0.00,0.03,0.97,-0.19,0.69,1.24,27.64,4.64,-4.10,0.00,0.00,0.95,0.06,0.50,1.54,764.27,779.41,608.95,602,589,100,
-0.00,0.02,0.97,-0.19,0.69,1.22,27.64,4.76,-4.22,0.00,0.00,0.95,0.08,0.51,1.50,764.30,777.13,611.85,592,592,101,
-0.00,0.02,0.97,-0.21,0.71,1.21,27.57,4.77,-4.19,0.00,0.00,0.95,1.35,1.17,1.71,760.07,791.47,612.36,596,589,101,
-0.00,0.02,0.97,-0.25,0.66,1.15,27.53,4.68,-4.16,0.00,0.00,0.95,1.99,1.83,1.95,758.20,776.53,612.78,595,592,100,
0.00,0.02,0.97,-0.11,0.78,1.28,27.09,4.80,-4.16,0.00,0.00,0.95,0.99,6.54,113.94,734.25,799.24,599.82,595,586,101,
0.00,0.02,0.97,-0.17,0.69,1.30,26.94,4.76,-4.07,0.00,0.00,0.95,0.42,0.77,1.81,725.58,806.00,591.82,597,586,100,
0.00,0.02,0.97,-0.20,0.66,1.28,26.85,4.82,-4.09,0.00,0.00,0.95,0.73,0.93,1.83,721.11,817.36,589.32,593,588,100,
0.00,0.02,0.97,-0.17,0.64,0.04,25.81,4.70,-4.06,0.00,0.00,0.95,1.87,2.19,17.59,666.64,792.60,592.79,599,585,100,
-0.00,0.02,0.97,-0.17,0.67,1.15,25.22,4.66,-4.08,0.00,0.00,0.95,0.52,0.51,1.47,636.14,766.56,586.81,600,582,101,
-0.00,0.02,0.97,-0.14,0.69,1.27,25.18,4.61,-4.08,0.00,0.00,0.95,0.27,0.66,1.69,634.21,765.75,600.88,600,587,100,
-0.00,0.03,0.97,-0.12,0.81,2.06,26.44,4.75,-4.18,0.00,0.00,0.95,2.29,2.49,263.08,703.31,780.01,604.13,594,595,101,
-0.00,0.02,0.97,-0.17,0.68,0.18,24.47,4.58,-3.98,0.00,0.00,0.95,11.50,59.55,57.90,599.05,741.20,560.23,600,590,101,
-0.00,0.02,0.97,-0.15,0.68,1.25,24.45,4.58,-4.03,0.00,0.00,0.95,1.37,1.44,1.89,598.09,744.41,574.65,601,593,101,
-0.00,0.02,0.97,-0.15,0.67,1.25,24.31,4.68,-4.13,0.00,0.00,0.95,0.85,1.07,1.79,590.91,751.54,587.18,592,594,101,
-0.00,0.02,0.97,-0.09,0.71,1.24,24.19,4.60,-4.07,0.00,0.00,0.95,0.08,0.55,1.58,585.32,744.03,583.38,599,593,101,
-0.00,0.02,0.97,-0.10,0.69,1.24,24.05,4.62,-4.10,0.00,0.00,0.95,0.05,0.50,1.56,578.37,739.28,580.93,594,586,101,
-0.00,0.02,0.97,-0.11,0.69,1.18,23.99,4.52,-4.02,0.00,0.00,0.95,0.44,0.50,1.53,575.54,729.34,577.46,603,584,101,
-0.00,0.02,0.97,-0.08,0.66,1.24,23.92,4.59,-4.02,0.00,0.00,0.95,0.66,0.63,1.60,572.05,730.96,561.35,595,592,101,
-0.00,0.02,0.97,-0.10,0.66,1.23,23.84,4.55,-4.04,0.00,0.00,0.95,0.07,0.49,1.52,568.18,741.01,583.57,598,591,100,
-0.00,0.02,0.97,-0.08,0.66,1.23,23.86,4.60,-4.03,0.00,0.00,0.95,0.04,0.46,1.54,569.52,749.57,574.89,595,591,100,
-0.00,0.02,0.97,-0.10,0.66,1.23,23.95,4.64,-4.11,0.00,0.00,0.95,0.03,0.45,1.53,573.55,749.17,588.26,596,589,101,
-0.00,0.02,0.97,-0.08,0.70,1.24,23.99,4.61,-4.08,0.00,0.00,0.94,0.02,0.50,1.54,575.67,749.75,586.90,600,591,101,
-0.00,0.02,0.97,-0.10,0.69,1.24,23.92,4.54,-4.03,0.00,0.00,0.95,0.02,0.48,1.55,572.47,743.09,584.94,600,587,100,
-0.00,0.02,0.97,-0.10,0.68,1.23,23.79,4.65,-4.05,0.00,0.00,0.95,0.02,0.48,1.52,566.04,744.21,562.83,592,592,101,
-0.00,0.02,0.97,-0.09,0.68,1.24,23.68,4.60,-4.02,0.00,0.00,0.95,0.02,0.47,1.54,560.79,744.69,569.57,599,594,101,
-0.00,0.02,0.97,-0.07,0.69,1.25,23.78,4.58,-4.00,0.00,0.00,0.95,0.02,0.49,1.58,565.62,741.50,565.69,601,593,101,
-0.00,0.02,0.97,-0.04,0.68,1.19,23.81,4.52,-4.00,0.00,0.00,0.95,0.01,0.47,1.57,566.99,731.81,575.74,599,593,100,
-0.00,0.02,0.97,-0.03,0.68,1.25,23.55,4.52,-4.08,0.00,0.00,0.95,0.42,0.48,1.57,554.67,722.41,588.28,601,592,101,
-0.00,0.02,0.97,-0.04,0.68,1.22,23.41,4.57,-4.05,0.00,0.00,0.95,0.03,0.52,1.53,547.91,735.75,577.62,593,592,100,
-0.00,0.02,0.97,-0.01,0.74,1.19,23.46,4.53,-4.04,0.00,0.00,0.95,0.02,0.59,1.58,550.40,735.13,583.48,598,581,100,
0.00,0.02,0.97,-0.07,0.65,1.20,23.20,4.63,-4.11,0.00,0.00,0.95,0.02,0.46,1.56,538.10,731.05,575.88,590,592,101,
0.00,0.02,0.97,-0.08,0.67,1.24,23.41,4.56,-4.09,0.00,0.00,0.95,0.43,0.46,1.56,547.98,730.58,589.69,599,586,101,
0.00,0.02,0.97,-0.06,0.66,1.25,23.44,4.57,-4.06,0.00,0.00,0.95,0.02,0.45,1.56,549.68,727.65,574.76,596,589,101,
0.00,0.02,0.97,-0.05,0.66,1.14,23.37,4.59,-4.07,0.00,0.00,0.95,0.03,0.47,1.51,546.23,734.25,576.02,596,585,101,
0.00,0.02,0.97,-0.06,0.65,1.27,23.14,4.60,-4.05,0.00,0.00,0.95,0.02,0.44,1.62,535.65,741.20,576.65,598,593,101,
0.00,0.02,0.97,-0.07,0.65,1.26,23.07,4.54,-3.96,0.00,0.00,0.95,0.02,0.44,1.60,532.44,749.49,569.66,603,591,100,
0.00,0.02,0.97,-0.09,0.63,1.27,23.11,4.59,-3.96,0.00,0.00,0.94,0.03,0.43,2.28,534.19,744.21,553.83,600,591,101,
0.00,0.02,0.97,-0.05,0.68,1.21,22.59,4.56,-4.00,0.00,0.00,0.94,0.02,0.48,1.71,510.28,742.80,572.38,598,586,100,
0.00,0.02,0.97,-0.07,0.66,1.28,22.54,4.62,-4.02,0.00,0.00,0.94,0.02,0.44,1.66,508.27,748.42,565.50,598,589,101,
0.00,0.02,0.97,-0.08,0.66,1.29,22.50,4.70,-4.14,0.00,0.00,0.94,0.43,0.45,1.68,506.15,743.43,576.90,586,590,101,
0.00,0.02,0.97,-0.07,0.65,1.30,22.49,4.54,-4.00,0.00,0.00,0.95,0.02,0.43,1.70,506.13,728.68,568.17,595,586,100,
0.00,0.02,0.97,-0.07,0.66,1.27,22.34,4.62,-4.09,0.00,0.00,0.95,0.02,0.45,1.68,499.29,734.84,577.13,587,591,100,
0.00,0.02,0.97,-0.09,0.61,0.90,22.22,4.55,-4.06,0.00,0.00,0.94,0.04,0.44,6.06,493.94,710.29,567.24,592,586,101,
0.00,0.02,0.97,-0.03,0.68,1.26,22.13,4.42,-3.98,0.00,0.00,0.94,0.42,0.47,1.60,489.94,705.33,572.02,601,590,100,
0.00,0.02,0.97,-0.05,0.65,1.24,22.15,4.41,-4.00,0.00,0.00,0.94,0.01,0.44,1.53,490.91,698.53,575.72,599,589,100,
0.00,0.02,0.97,-0.05,0.66,1.25,21.97,4.46,-4.07,0.00,0.00,0.94,0.01,0.45,1.58,482.97,712.09,591.67,598,593,100,
0.00,0.02,0.97,-0.09,0.65,1.23,22.22,4.47,-4.01,0.00,0.00,0.94,0.02,0.44,1.52,494.00,716.20,576.62,1198,1188,200,
-0.00,0.02,0.97,-0.07,0.63,1.24,22.22,4.53,-4.05,0.00,0.00,0.94,0.16,0.80,3.14,493.73,725.67,580.15,1189,1190,200,
0.00,0.02,0.97,-0.02,0.75,-2.17,19.93,4.18,-4.02,0.00,0.00,0.94,5.76,9.75,202.58,405.77,631.04,575.52,1200,1191,201,
0.02,-0.03,0.96,-1.98,1.38,-16.62,41.19,0.99,-4.76,0.01,0.01,0.94,407.69,709.16,1266.82,1899.48,90.32,810.18,1190,1174,200,
-0.03,0.00,0.97,0.56,1.53,4.74,49.91,-1.12,-5.73,0.01,0.00,0.95,65.37,102.42,1192.71,2522.59,169.46,1178.01,1192,1176,200,
-0.07,-0.02,0.97,0.83,-1.04,7.29,56.17,-0.01,-6.71,0.01,0.00,0.95,115.26,127.88,1371.50,3163.54,74.89,1621.26,1196,1177,200,
-0.17,-0.09,0.95,2.10,0.30,-1.62,44.23,-1.79,-5.86,0.04,0.01,0.92,117.73,138.80,1438.94,2017.18,138.31,1230.60,1194,1180,200,
-0.01,0.01,0.96,-0.57,2.66,5.30,51.81,-0.79,-5.37,0.02,0.01,0.93,189.63,74.64,445.49,2714.75,40.04,1016.29,1193,1181,201,
-0.05,0.11,0.96,-0.11,0.69,4.06,34.83,-1.62,-5.98,0.01,0.02,0.93,120.00,61.15,184.86,1215.18,93.29,1249.05,1188,1182,201,
-0.10,0.16,0.95,-0.52,0.73,1.12,34.93,-1.35,-5.76,0.01,0.03,0.91,9.59,8.80,11.09,1220.36,66.21,1192.56,1199,1183,200,
-0.06,0.08,0.96,0.78,1.06,0.89,35.47,-1.50,-6.09,0.00,0.01,0.93,34.86,12.20,8.38,1258.74,81.89,1336.11,1198,1180,200,
0.02,-0.01,0.95,-0.23,0.14,-1.99,35.18,-1.93,-6.01,0.00,0.02,0.91,208.03,106.53,98.78,1241.13,160.21,1326.49,1196,1171,201,
-0.02,-0.16,0.94,0.83,0.13,1.88,43.21,-0.39,-4.90,0.01,0.04,0.89,146.98,110.91,60.00,1873.98,7.16,857.49,1196,1183,201,
0.08,0.11,0.94,-0.85,1.40,1.15,40.25,-0.62,-4.39,0.03,0.03,0.89,173.57,186.00,45.65,1628.17,25.48,696.91,1195,1177,200,
-0.05,0.10,0.96,-0.13,0.42,1.29,42.82,-1.27,-4.67,0.00,0.01,0.93,3.12,4.96,3.81,1833.55,58.18,782.46,1198,1166,200,
-0.06,0.10,0.97,0.28,1.08,0.97,43.13,-1.25,-4.75,0.01,0.01,0.95,6.67,12.08,2.77,1860.85,55.07,789.18,1183,1185,200,
-0.04,0.08,0.98,0.02,0.61,1.13,42.65,-1.21,-4.76,0.00,0.01,0.95,1.59,1.86,1.72,1818.95,51.02,792.08,1181,1176,200,
-0.05,0.05,0.98,0.34,0.42,2.55,41.67,-1.29,-4.81,0.00,0.01,0.95,41.39,17.85,14.56,1738.22,59.87,829.10,1202,1186,201,
-0.03,0.02,0.97,-0.43,2.26,7.27,35.53,1.90,-4.82,0.01,0.01,0.96,157.53,106.18,1296.66,1305.24,274.16,823.92,1196,1181,201,
0.05,0.01,0.96,2.50,-0.15,-3.01,36.99,1.23,-4.32,0.01,0.01,0.94,96.98,58.08,2061.99,1457.43,162.44,676.09,1201,1186,200,
0.03,0.01,0.97,-0.07,0.62,2.82,27.22,-0.75,-4.52,0.00,0.00,0.95,1.78,5.70,33.27,742.97,20.04,712.44,1180,1186,200,
0.03,0.01,0.97,-0.11,0.67,1.00,26.57,-0.67,-4.53,0.00,0.00,0.95,1.18,1.51,1.29,706.21,16.27,728.17,1192,1181,200,
0.03,0.01,0.97,-0.19,0.58,1.04,26.90,-0.61,-4.56,0.00,0.00,0.94,1.91,2.16,1.57,723.79,13.38,736.51,1190,1180,200,
0.03,0.01,0.97,-0.11,0.64,1.06,26.78,-0.64,-4.54,0.00,0.00,0.94,0.69,0.80,1.24,717.34,14.60,723.97,1190,1178,201,
0.03,0.01,0.97,-0.12,0.62,1.05,26.53,-0.68,-4.52,0.00,0.00,0.94,0.04,0.41,1.11,704.16,16.32,714.29,1189,1173,201,
0.03,0.01,0.97,-0.09,0.65,1.08,26.55,-0.64,-4.49,0.00,0.00,0.94,0.44,0.45,1.17,705.11,14.96,717.52,1194,1172,200,
0.03,0.01,0.97,-0.09,0.64,1.07,26.51,-0.70,-4.56,0.00,0.00,0.94,0.02,0.43,1.16,703.01,17.19,725.42,1188,1182,201,
0.03,0.01,0.97,-0.09,0.63,1.06,26.45,-0.65,-4.52,0.00,0.00,0.94,0.02,0.41,1.13,699.59,14.99,724.57,1190,1187,200,
0.03,0.01,0.97,-0.08,0.63,1.08,26.41,-0.66,-4.49,0.00,0.00,0.94,0.04,0.56,1.20,697.60,15.79,717.44,1193,1174,200,
0.03,0.01,0.97,-0.04,0.65,1.37,25.89,-0.58,-4.53,0.00,0.00,0.94,0.11,1.70,9.39,670.97,12.04,717.25,1188,1179,201,
0.03,0.01,0.97,-0.07,0.63,0.66,25.65,-0.54,-4.51,0.00,0.00,0.95,0.39,1.78,5.73,658.32,10.63,720.76,1190,1179,200,
0.02,0.01,0.97,-0.08,0.61,1.13,25.76,-0.59,-4.44,0.00,0.00,0.94,0.08,0.56,3.04,663.60,12.66,700.73,1191,1179,200,
0.03,0.01,0.97,-0.04,0.63,1.05,25.86,-0.55,-4.46,0.00,0.00,0.94,0.01,0.41,1.12,668.74,10.92,716.05,1199,1187,200,
0.03,0.00,0.97,0.04,0.66,2.41,24.06,-0.42,-4.61,0.00,0.00,0.94,6.71,4.40,34.60,581.50,6.89,750.40,1189,1175,200,
0.03,0.02,0.97,-0.07,0.64,1.16,22.97,-0.32,-4.68,0.00,0.00,0.94,0.33,0.52,1.70,527.99,3.64,772.71,1194,1179,201,
0.03,0.02,0.97,-0.06,0.63,1.15,22.30,-0.38,-4.62,0.00,0.00,0.94,0.23,0.83,1.82,497.55,5.21,760.84,1194,1171,200,
0.03,0.02,0.97,-0.10,0.59,1.03,22.39,-0.19,-4.69,0.00,0.00,0.94,0.02,0.36,1.07,501.38,1.43,772.10,1190,1185,201,
0.03,0.02,0.97,-0.08,0.57,1.03,22.48,-0.20,-4.63,0.00,0.00,0.94,0.03,0.34,1.07,505.35,1.64,755.07,1193,1184,201,
0.03,0.02,0.97,-0.05,0.60,1.05,22.62,-0.21,-4.63,0.00,0.00,0.94,0.02,0.38,1.11,511.72,1.64,761.94,1192,1179,200,
0.03,0.02,0.97,-0.04,0.60,1.06,23.15,-0.25,-4.52,0.00,0.00,0.94,0.01,0.37,1.14,536.17,2.43,731.07,1196,1176,200,
0.03,0.02,0.97,-0.04,0.61,1.06,23.28,-0.26,-4.54,0.00,0.00,0.94,0.05,0.41,1.14,542.32,2.49,726.28,1194,1168,201,
0.03,0.02,0.97,-0.04,0.62,1.06,23.01,-0.24,-4.55,0.00,0.00,0.94,0.46,0.44,1.13,529.84,2.12,739.18,1195,1178,200,
0.03,0.02,0.97,-0.03,0.60,1.05,22.88,-0.20,-4.61,0.00,0.00,0.94,0.01,0.37,1.11,523.38,1.56,749.01,1186,1173,200,
0.03,0.02,0.97,-0.05,0.57,1.05,23.00,-0.22,-4.60,0.00,0.00,0.94,0.01,0.34,1.10,529.03,1.87,748.28,1190,1180,200,
0.03,0.02,0.97,-0.06,0.56,1.03,23.01,-0.22,-4.66,0.00,0.00,0.94,0.01,0.32,1.07,529.71,1.72,762.69,1190,1173,201,
0.03,0.02,0.97,-0.05,0.57,1.04,22.92,-0.22,-4.62,0.00,0.00,0.94,0.01,0.33,1.08,525.36,1.75,750.99,1187,1170,200,
0.03,0.02,0.97,-0.04,0.58,1.03,22.99,-0.23,-4.63,0.00,0.00,0.94,0.22,0.34,1.08,528.68,2.00,755.81,1187,1176,200,
0.03,0.02,0.97,-0.04,0.57,1.04,22.85,-0.28,-4.58,0.00,0.00,0.94,0.01,0.33,1.08,522.21,2.80,739.20,1186,1167,200,
0.03,0.02,0.97,-0.01,0.58,1.04,22.92,-0.27,-4.60,0.00,0.00,0.94,0.01,0.35,1.09,525.24,2.61,746.60,1189,1188,200,
0.03,0.02,0.97,-0.02,0.57,1.04,23.08,-0.25,-4.55,0.00,0.00,0.94,0.01,0.34,1.08,532.73,2.23,727.70,1191,1180,201,
0.03,0.02,0.97,-0.02,0.56,1.04,23.00,-0.19,-4.48,0.00,0.00,0.94,0.63,0.32,1.08,529.02,1.35,716.05,1194,1171,200,
0.03,0.02,0.97,0.01,0.59,1.06,23.00,-0.18,-4.51,0.00,0.00,0.94,0.01,0.36,1.13,528.95,1.29,718.87,1194,1174,201,
0.03,0.02,0.97,0.02,0.61,1.08,22.91,-0.18,-4.52,0.00,0.00,0.94,0.22,0.38,1.16,524.92,1.24,721.14,1194,1171,201,
0.03,0.02,0.97,0.03,0.61,1.08,22.69,-0.19,-4.55,0.00,0.00,0.94,0.01,0.38,1.16,515.08,1.43,735.65,1191,1180,200,
0.03,0.02,0.97,0.01,0.60,1.06,22.52,-0.18,-4.60,0.00,0.00,0.94,0.01,0.36,1.14,507.40,1.29,738.04,1182,1184,200,
0.03,0.02,0.97,0.01,0.58,1.05,22.67,-0.18,-4.61,0.00,0.00,0.94,0.01,0.34,1.12,514.33,1.27,758.26,1201,1173,201,
0.03,0.02,0.97,0.03,0.58,1.06,22.57,-0.18,-4.63,0.00,0.00,0.94,0.21,0.35,1.14,509.38,1.21,761.57,1192,1172,200,
0.03,0.02,0.97,0.02,0.59,1.06,22.59,-0.20,-4.63,0.00,0.00,0.94,0.01,0.36,1.13,510.24,1.57,758.52,1189,1181,200,
0.03,0.02,0.97,0.02,0.58,1.06,22.50,-0.18,-4.57,0.00,0.00,0.94,0.01,0.35,1.12,506.24,1.31,738.16,1190,1171,200,
0.03,0.02,0.97,0.03,0.59,1.06,22.27,-0.23,-4.68,0.00,0.00,0.94,0.21,0.36,1.13,496.19,2.08,771.84,1194,1177,201,
0.03,0.02,0.97,-0.02,0.58,1.05,22.42,-0.24,-4.68,0.00,0.00,0.94,0.05,0.37,1.12,502.74,2.05,759.65,1183,1178,201,
-0.05,0.06,0.96,-0.95,-0.04,-2.77,29.80,-0.09,-4.96,0.01,0.01,0.93,77.46,162.52,514.99,949.18,11.72,911.09,1202,1181,201,
-0.07,0.16,0.95,0.69,-0.41,3.54,50.18,0.32,-4.13,0.01,0.04,0.91,145.44,73.03,1221.96,2601.06,24.03,611.63,1188,1168,201,
-0.17,0.10,0.95,1.40,0.28,-8.09,63.39,-1.30,-3.45,0.03,0.01,0.90,55.78,70.53,742.04,4188.69,149.54,467.72,1190,1187,200,
-0.07,0.11,0.96,-0.57,1.13,3.95,66.50,-0.82,-0.08,0.01,0.03,0.95,507.39,355.55,1097.86,4525.27,71.09,135.61,1191,1176,200,
-0.10,0.10,0.96,-1.07,2.60,27.56,50.57,1.08,-1.04,0.02,0.02,0.93,97.31,68.40,2256.54,2625.43,155.43,50.23,1193,1168,200,
-0.04,0.20,0.95,-0.17,-0.41,-7.94,-30.53,-20.84,-15.72,0.00,0.04,0.90,42.77,85.43,553.62,2951.35,21423.11,11023.53,1199,1179,200,
-0.04,0.19,0.95,0.33,0.40,-0.86,-76.45,-34.83,-30.07,0.00,0.04,0.89,9.04,6.84,45.82,5855.30,43174.08,32186.31,1193,1178,200,
-0.06,0.13,0.97,0.65,-0.94,-10.67,-88.32,-38.61,-29.72,0.01,0.02,0.94,19.71,22.86,328.27,7808.75,53403.54,31587.38,1196,1173,200,
-0.08,-0.02,0.96,1.38,0.06,0.77,-79.26,-39.03,-28.77,0.01,0.00,0.93,27.66,7.95,52.69,6335.44,54533.15,29667.05,1196,1183,200,
-0.09,-0.06,0.96,-1.20,0.50,0.70,-76.03,-38.07,-31.80,0.01,0.01,0.92,8.70,3.64,3.58,5884.36,51659.21,36229.21,1194,1187,200,
-0.10,0.17,0.96,-0.30,0.96,0.75,-86.89,-38.35,-33.47,0.01,0.03,0.92,3.58,4.78,20.48,7549.80,51731.52,39404.54,1192,1173,201,
-0.06,0.14,0.96,0.69,0.40,0.91,-87.91,-38.09,-33.41,0.00,0.03,0.92,49.30,5.02,3.71,7728.76,51714.70,39794.06,1194,1187,200,
-0.12,0.06,0.97,0.18,0.41,0.64,-83.13,-37.27,-34.64,0.02,0.00,0.93,11.82,27.44,4.43,6924.48,49263.25,42547.09,1190,1186,200,
-0.14,0.07,0.97,0.43,0.72,0.59,-112.66,-33.40,-36.73,0.02,0.01,0.93,26.07,29.94,25.06,13671.68,39517.88,52108.64,1189,1187,200,
-0.10,0.09,0.97,1.21,-1.29,-10.63,-95.43,-27.08,-58.49,0.01,0.01,0.94,39.04,42.07,544.36,11007.58,28777.73,120865.33,1187,1171,200,
-0.10,-0.02,0.96,0.10,1.06,2.42,84.89,-2.22,-55.50,0.02,0.01,0.93,88.32,71.64,197.38,7456.42,460.32,107153.94,1184,1186,201,
-0.12,0.04,0.96,-0.48,1.02,1.27,96.34,2.76,-51.57,0.02,0.01,0.96,181.11,59.57,287.52,9283.85,291.82,93683.01,1187,1179,200,
-0.10,0.01,0.96,0.82,0.75,-4.66,97.68,2.76,-51.34,0.02,0.01,0.97,119.75,44.38,604.31,9545.13,287.09,94428.13,1197,1184,200,
-0.10,0.06,0.95,-0.87,1.53,4.90,86.20,5.31,-51.01,0.02,0.01,0.94,110.11,101.82,455.05,7439.67,995.42,91668.56,1187,1175,200,
-0.07,0.02,0.95,-0.80,1.33,4.85,92.87,5.83,-50.62,0.01,0.01,0.94,211.14,110.53,1012.92,8646.96,1329.32,91258.21,1193,1188,200,
0.01,0.03,0.96,-0.64,0.80,-3.22,-97.56,-2.01,-45.78,0.01,0.01,0.92,96.53,122.35,187.03,13448.84,2579.99,90996.75,1199,1175,200,
0.01,0.01,0.95,-0.65,0.96,1.27,-8.50,-4.11,-0.47,0.00,0.01,0.91,47.51,107.80,135.86,17159.54,4383.26,6517.29,1195,1175,200,
0.04,0.07,0.96,-0.20,1.37,1.47,105.25,5.42,11.07,0.00,0.01,0.92,28.44,65.41,63.90,11079.24,1048.67,4369.52,1188,1184,199,
0.02,0.08,0.96,-0.70,0.83,2.09,106.03,4.81,10.08,0.00,0.01,0.92,66.25,74.79,283.39,11247.17,826.25,3649.03,1190,1178,200,
-0.01,0.08,0.96,-0.82,0.82,-0.77,98.80,5.73,7.69,0.00,0.01,0.93,82.37,42.83,69.88,9762.69,1179.94,2124.73,1193,1175,199,
-0.04,0.09,0.96,-0.80,1.03,-0.62,96.34,6.30,7.87,0.00,0.01,0.92,17.09,37.41,135.97,9285.38,1417.81,2206.26,1194,1184,200,
0.03,0.09,0.96,-1.10,1.60,4.23,106.94,5.30,9.93,0.01,0.01,0.93,52.44,80.43,462.62,11454.37,1032.45,3540.98,1191,1192,199,
-0.06,0.10,0.96,-0.97,0.68,0.20,107.63,5.87,9.89,0.00,0.01,0.92,15.74,20.11,20.75,11585.29,1224.67,3472.36,1192,1182,200,
-0.05,0.13,0.95,-0.53,1.67,1.96,109.26,5.31,9.81,0.00,0.02,0.91,19.03,35.81,232.12,11941.14,1036.20,3509.30,1201,1190,199,
-0.05,0.13,0.96,-0.66,1.23,0.08,108.40,5.73,9.97,0.00,0.02,0.91,16.63,23.40,28.71,11751.82,1161.08,3510.53,1189,1179,200,
-0.03,0.13,0.96,-1.13,1.12,2.05,107.88,5.77,9.95,0.00,0.02,0.91,16.40,15.21,43.93,11639.67,1194.25,3553.97,1192,1179,199,
-0.03,0.13,0.96,-0.52,1.65,1.08,108.62,4.84,9.92,0.00,0.02,0.92,40.89,39.31,1567.90,11811.63,908.01,3527.63,1197,1181,200,
-0.04,0.11,0.96,-0.38,1.05,0.94,105.95,5.90,9.98,0.00,0.01,0.93,34.90,31.19,369.86,11240.02,1259.59,3539.68,1192,1177,200,
-0.12,0.12,0.96,-0.60,0.71,-5.95,84.68,5.64,10.78,0.02,0.02,0.93,35.26,39.76,1009.07,7190.48,1165.61,4119.79,1191,1174,200,
-0.09,0.12,0.97,-0.57,2.07,3.66,84.11,6.08,10.70,0.01,0.02,0.94,90.08,66.53,449.52,7081.34,1323.70,4060.63,1191,1169,200,
-0.04,0.09,0.97,-0.70,0.82,0.99,90.75,7.54,10.36,0.01,0.01,0.95,130.70,71.59,198.60,8243.49,2048.59,3830.43,1188,1187,199,
-0.12,0.14,0.95,-1.02,1.22,1.26,92.27,8.27,7.95,0.02,0.02,0.91,3.34,20.53,6.15,8525.73,2441.32,2281.01,1192,1183,200,
-0.05,0.11,0.96,-0.71,1.51,1.96,88.14,8.76,6.83,0.00,0.02,0.93,46.57,20.98,65.77,7769.99,2767.12,1683.97,1195,1189,199,
-0.05,0.15,0.95,-0.70,1.34,1.34,91.97,8.85,6.71,0.01,0.03,0.94,90.08,55.50,166.55,8463.33,2822.13,1623.42,1194,1177,199,
-0.04,0.16,0.95,-0.65,1.24,1.02,93.90,8.79,6.66,0.01,0.04,0.95,135.35,83.59,131.78,8820.15,2794.98,1611.53,1197,1177,199,
-0.06,0.09,0.96,-0.83,1.31,1.19,83.05,9.58,4.43,0.01,0.02,0.95,122.73,53.83,117.74,6901.55,3231.84,693.85,1187,1173,200,
-0.09,0.09,0.96,-0.68,1.52,0.69,85.93,9.45,4.30,0.01,0.02,0.95,106.46,58.70,178.62,7390.01,3194.76,663.17,1190,1169,199,
-0.08,0.13,0.95,-1.06,1.39,0.89,84.72,9.65,4.58,0.01,0.03,0.94,128.17,56.09,110.60,7181.81,3310.79,750.41,1193,1175,200,
-0.04,0.09,0.96,-1.06,1.50,1.71,86.51,9.49,5.01,0.00,0.01,0.93,72.98,42.77,48.88,7485.18,3277.99,915.61,1201,1185,199,
-0.07,0.11,0.95,-0.87,0.48,0.52,85.29,9.57,4.90,0.01,0.02,0.92,112.37,26.26,49.15,7277.34,3257.83,854.77,1193,1176,200,
-0.19,0.09,0.94,-0.55,0.99,0.57,89.08,9.38,4.78,0.04,0.01,0.90,56.65,33.07,66.39,7937.05,3181.32,830.52,1196,1181,199,
-0.19,0.10,0.94,-1.39,1.59,1.77,90.91,9.67,5.37,0.04,0.02,0.93,169.96,86.07,169.59,8270.18,3357.99,1039.79,1193,1182,199,
-0.22,0.08,0.94,-1.07,2.06,1.27,94.21,9.69,5.14,0.05,0.02,0.93,169.04,91.67,198.77,8879.19,3379.04,950.33,1200,1181,200,
-0.13,0.01,0.96,0.54,1.39,1.30,92.53,9.69,5.35,0.02,0.02,0.95,200.88,75.88,164.29,8564.10,3332.56,1019.51,1191,1191,200,
-0.14,-0.01,0.96,-1.89,0.76,0.31,93.23,9.91,4.79,0.02,0.01,0.93,64.32,22.57,74.25,8696.82,3536.93,833.89,1194,1183,199,
-0.16,0.09,0.94,-1.31,1.47,0.64,95.05,10.08,5.37,0.04,0.02,0.95,225.60,110.49,254.60,9042.10,3676.88,1065.17,1197,1178,199,
-0.15,0.09,0.95,-1.00,2.12,2.02,106.71,9.68,11.49,0.03,0.02,0.96,246.76,129.60,291.54,11416.06,3392.24,5226.62,1195,1177,199,
-0.13,-0.02,0.96,-0.58,0.76,2.30,64.72,8.17,27.83,0.02,0.01,0.97,183.47,284.57,452.16,6698.81,2675.76,30350.01,1197,1175,200,
-0.20,-0.02,0.96,-0.97,1.13,1.39,81.60,9.10,29.56,0.05,0.01,0.97,84.58,201.71,261.82,6683.20,3021.14,31674.21,1197,1181,199,
-0.15,-0.05,0.96,-1.36,1.45,1.17,86.65,10.92,27.84,0.03,0.02,0.97,97.09,144.68,218.56,7528.66,4343.98,28057.08,1201,1176,200,
-0.16,0.01,0.96,-1.09,1.45,0.91,112.45,8.38,26.28,0.03,0.02,0.98,109.37,154.77,187.55,12689.32,2527.47,24598.23,1193,1184,200,
-0.18,-0.01,0.95,-0.94,1.41,1.73,121.88,8.17,25.23,0.04,0.01,0.97,120.32,117.22,183.99,14863.74,2316.21,22046.98,1177,1187,200,
-0.17,-0.00,0.95,-1.26,1.25,1.32,119.52,8.22,25.17,0.04,0.02,0.98,103.15,190.58,201.34,14297.00,2418.64,22576.14,1193,1181,200,
-0.19,-0.03,0.94,-0.89,0.43,1.08,110.05,6.76,28.42,0.05,0.02,0.97,143.90,168.93,200.52,12132.46,1670.02,29210.76,1196,1171,199,
-0.23,-0.05,0.93,-1.39,1.40,1.08,113.18,6.39,28.50,0.06,0.01,0.95,153.31,139.89,266.66,12815.25,1469.57,29155.77,1192,1168,199,
-0.24,-0.02,0.93,-1.19,1.38,1.34,113.02,6.38,29.02,0.07,0.02,0.93,157.58,144.13,390.25,12780.35,1442.95,29625.23,1180,1182,199,
-0.11,-0.02,0.96,-1.39,1.57,0.78,28.34,5.26,37.27,0.02,0.01,0.96,116.90,186.88,133.45,3238.78,1052.53,49899.43,1193,1178,200,
-0.13,-0.01,0.95,-0.92,0.48,-0.01,110.85,2.22,28.19,0.02,0.00,0.92,43.12,48.73,35.83,12593.43,185.39,28971.56,1187,1184,199,
-0.19,-0.03,0.95,-1.32,1.31,1.77,35.70,1.80,37.34,0.04,0.01,0.97,137.35,255.40,197.94,1835.15,130.82,50402.20,1194,1185,199,
-0.22,-0.01,0.94,-1.17,1.57,1.24,1.35,2.09,38.97,0.06,0.01,0.96,133.09,237.16,253.06,21.94,175.60,54270.36,1189,1182,199,
-0.20,-0.02,0.94,-1.21,1.35,0.96,-0.41,2.20,38.45,0.05,0.02,0.97,155.56,343.68,282.77,25.71,192.24,52212.72,1181,1187,199,
-0.25,-0.04,0.94,-1.39,1.47,0.73,0.26,1.97,37.86,0.07,0.02,0.96,140.03,373.01,372.99,28.70,158.96,51233.66,1194,1179,200,
-0.23,0.01,0.95,-1.42,1.90,1.04,-16.78,0.81,38.00,0.07,0.02,0.98,186.81,391.89,417.16,516.19,61.61,52011.77,1193,1192,199,
-0.22,0.02,0.94,-0.84,2.07,0.91,-28.05,1.28,37.92,0.07,0.02,0.96,133.93,298.71,326.06,892.85,201.01,52042.30,1196,1184,199,
-0.12,-0.02,0.96,-1.62,1.20,2.64,-118.26,0.21,27.62,0.03,0.02,1.01,225.35,277.43,277.08,16746.45,191.34,29146.45,1192,1195,200,-41121501.00,-71413100.00,4,264,61023.00,19162900.00
-0.12,-0.05,0.96,-1.06,1.58,1.85,-40.90,5.80,11.00,0.03,0.02,1.02,118.94,284.88,237.69,1769.56,1357.54,4405.07,1192,1176,199,-41121622.00,-71413125.00,4,264,61023.00,19163900.00
-0.10,-0.06,0.96,-0.99,1.63,0.41,-33.21,4.23,11.61,0.02,0.02,1.00,83.31,111.02,176.06,1128.83,674.83,4763.38,1188,1192,200,-41121748.00,-71413135.00,4,263,61023.00,19164900.00
-0.09,-0.06,0.96,-1.29,0.93,0.16,-16.90,1.20,12.45,0.02,0.01,0.97,76.90,98.61,180.08,311.38,71.09,5607.00,1197,1169,199,-41121878.00,-71413141.00,4,262,61023.00,19165900.00
-0.14,-0.06,0.95,-0.56,0.62,3.24,1.24,1.03,10.39,0.03,0.02,0.96,107.84,173.52,200.53,177.75,80.64,4200.64,1201,1193,200,-41121782.00,-71413541.00,4,261,61023.00,19171000.00
-0.11,-0.11,0.95,-1.60,1.69,0.66,22.86,4.18,5.32,0.02,0.02,0.97,89.40,130.54,147.91,536.01,725.69,1007.72,1188,1176,200,-41122113.00,-71413220.00,4,261,61023.00,19172000.00
-0.09,-0.06,0.96,-1.38,1.46,0.51,18.48,7.22,4.68,0.02,0.01,1.00,75.28,162.01,182.67,351.27,1892.49,791.64,1195,1187,199,-41122232.00,-71413191.00,5,191,61023.00,19173000.00
-0.08,-0.07,0.96,-0.88,1.08,1.62,14.35,7.74,4.73,0.02,0.02,0.99,96.67,150.26,167.98,210.61,2186.12,816.71,1199,1190,199,-41122362.00,-71413181.00,6,147,61023.00,19174000.00
-0.08,-0.09,0.96,-1.18,1.28,0.74,9.25,8.31,4.74,0.02,0.02,1.01,90.67,176.06,197.80,115.60,2529.15,812.99,1197,1178,199,-41122493.00,-71413156.00,6,147,61023.00,19175000.00
-0.08,-0.08,0.96,-1.03,1.30,0.78,-5.09,11.25,3.98,0.02,0.02,0.99,137.70,153.40,166.76,50.35,4567.67,572.93,1191,1173,199,-41122615.00,-71413143.00,6,147,61023.00,19180000.00
-0.10,-0.08,0.97,-1.14,1.58,0.74,-22.96,13.95,2.83,0.02,0.02,1.02,118.64,212.29,189.61,677.06,7004.68,333.10,1188,1201,200,-41122751.00,-71413152.00,6,147,61023.00,19181000.00
-0.11,-0.07,0.95,-1.01,1.22,1.87,-52.76,17.56,0.25,0.02,0.02,0.99,100.68,159.52,164.85,2812.06,11023.25,20.98,1194,1178,200,-41122898.00,-71413158.00,6,147,61023.00,19182100.00
-0.09,-0.06,0.96,-0.97,1.23,0.88,-53.53,16.99,0.75,0.02,0.02,1.01,92.88,160.27,178.38,2910.16,10237.60,32.67,1190,1188,200,-41123019.00,-71413156.00,6,147,61023.00,19183100.00
-0.08,-0.08,0.96,-1.02,1.31,1.36,-42.03,16.78,0.93,0.02,0.02,1.01,122.01,189.36,199.72,1796.11,10052.55,41.37,1188,1183,199,-41123150.00,-71413154.00,6,147,61023.00,19183800.00
-0.07,-0.07,0.96,-1.05,1.32,1.10,-33.09,15.61,1.68,0.02,0.02,1.02,134.85,243.27,211.39,1137.24,8656.37,120.12,1189,1179,200,-41123287.00,-71413158.00,6,147,61023.00,19184800.00
-0.10,-0.06,0.95,-1.40,1.05,0.47,-31.01,15.65,1.39,0.02,0.02,1.01,136.91,270.29,313.09,1030.58,9062.79,112.20,1205,1188,199,-41123418.00,-71413189.00,6,147,61023.00,19185800.00
-0.12,-0.03,0.96,-0.96,1.39,1.15,-28.89,17.23,0.30,0.03,0.02,1.02,113.17,285.18,294.58,901.30,10866.00,38.49,1201,1187,199,-41123555.00,-71413180.00,6,147,61023.00,19190800.00
-0.10,-0.02,0.96,-1.06,1.23,0.42,-23.47,16.94,0.54,0.02,0.02,1.00,156.77,252.84,187.23,610.77,10315.77,58.44,1195,1175,200,-41123688.00,-71413174.00,6,147,61023.00,19191800.00
-0.10,-0.04,0.96,-1.13,1.09,0.97,-25.24,14.86,1.98,0.02,0.02,1.01,152.27,207.72,175.05,660.33,8006.32,149.63,1197,1190,199,-41123843.00,-71413167.00,6,147,61023.00,19192900.00
-0.07,-0.08,0.97,-1.24,1.48,0.70,-24.15,14.39,2.68,0.01,0.02,1.03,118.11,174.06,217.11,590.59,7418.93,264.60,1195,1175,200,-41123967.00,-71413200.00,6,147,61023.00,19193900.00
-0.13,-0.08,0.97,-0.15,1.84,-6.26,-36.57,13.76,3.27,0.03,0.02,1.00,128.31,170.45,389.53,1387.56,6741.91,405.95,1189,1190,200,-41124069.00,-71413243.00,6,148,61023.00,19194900.00
-0.09,-0.06,0.97,-0.64,1.20,0.76,-41.59,11.39,4.27,0.02,0.02,1.01,120.61,111.21,153.90,1745.06,4704.74,661.65,1195,1186,199,-41124070.00,-71413402.00,6,148,61023.00,19195900.00
-0.12,-0.00,0.96,-1.07,1.14,0.53,-20.33,10.77,3.96,0.02,0.02,1.00,159.02,164.03,131.06,501.68,4246.37,574.70,1202,1191,199,-41124071.00,-71413583.00,6,148,61023.00,19200900.00
-0.09,-0.03,0.96,-0.34,1.49,-3.36,-15.72,9.31,4.20,0.02,0.01,0.98,172.84,114.22,183.63,252.29,3071.95,621.20,1186,1190,200,-41124098.00,-71413752.00,6,148,61023.00,19201900.00
-0.06,-0.05,0.96,-1.15,1.41,0.76,-30.30,8.35,3.05,0.01,0.02,1.01,218.82,234.90,318.27,981.90,2610.93,343.87,1198,1173,199,-41123983.00,-71413772.00,6,148,61023.00,19202900.00
-0.10,-0.01,0.96,-0.95,1.01,2.33,-43.44,11.69,2.71,0.02,0.02,0.99,163.76,291.04,223.02,1925.05,4873.53,265.22,1186,1189,199,-41123842.00,-71413874.00,6,148,61023.00,19204000.00
-0.11,0.02,0.96,-0.87,1.01,0.86,-43.57,10.05,3.40,0.02,0.02,1.00,141.00,288.79,176.08,1941.70,3649.60,418.26,1191,1196,199,-41123719.00,-71413972.00,6,148,61023.00,19205000.00
-0.13,0.02,0.96,-0.78,0.95,0.25,-50.98,10.62,3.06,0.03,0.02,0.99,159.31,288.60,161.39,2628.64,4023.50,337.55,1191,1183,200,-41123587.00,-71414035.00,6,148,61023.00,19210000.00
-0.11,0.00,0.97,-1.07,0.90,2.47,-45.76,9.88,3.31,0.02,0.02,1.02,136.85,270.51,193.57,2114.27,3499.07,395.36,1194,1187,200,-41123471.00,-71414114.00,6,148,61023.00,19211000.00
-0.09,-0.03,0.97,-0.69,1.36,1.05,-44.31,9.39,3.64,0.02,0.02,1.02,140.10,222.41,189.10,1971.41,3150.72,473.85,1193,1183,200,-41123360.00,-71414204.00,6,148,61023.00,19212000.00
-0.10,-0.02,0.96,-0.78,0.99,0.19,-33.79,8.10,3.70,0.02,0.02,0.99,146.42,177.43,185.13,1178.73,2365.30,492.25,1192,1186,199,-41123256.00,-71414252.00,6,148,61023.00,19213000.00
-0.10,-0.00,0.96,-1.16,1.15,1.59,-24.56,7.97,3.64,0.02,0.02,1.00,161.54,258.88,229.73,613.96,2288.09,475.26,1191,1185,199,-41123150.00,-71414307.00,6,148,61023.00,19214000.00
-0.12,-0.02,0.96,-1.07,1.49,2.07,-20.61,7.94,3.78,0.02,0.02,1.00,171.84,174.32,170.46,426.67,2306.66,519.06,1198,1184,199,-41123042.00,-71414406.00,6,148,61023.00,19215100.00
-0.12,-0.04,0.96,-0.63,1.28,1.40,-18.11,7.89,3.74,0.02,0.02,0.98,200.82,147.26,167.27,337.06,2245.45,501.31,1190,1185,199,-41122943.00,-71414513.00,6,197,61023.00,19220100.00
-0.11,-0.04,0.95,-0.52,1.44,-1.98,-9.23,6.25,3.46,0.02,0.02,0.96,206.39,169.99,204.00,88.44,1406.53,428.06,1192,1176,200,-41122836.00,-71414551.00,6,149,61023.00,19221100.00
-0.12,-0.05,0.95,-1.07,1.52,6.99,-3.85,7.81,4.02,0.03,0.02,0.96,184.50,193.58,454.49,64.39,2230.75,584.49,1193,1183,199,-41122795.00,-71414668.00,6,149,61023.00,19222100.00
-0.13,-0.06,0.97,-1.32,1.06,1.99,-7.27,9.48,3.90,0.03,0.02,1.00,190.73,190.73,245.53,60.95,3228.27,542.66,1188,1180,199,-41122686.00,-71414770.00,6,149,61023.00,19223100.00
-0.14,-0.04,0.97,-1.38,1.41,3.10,-14.06,11.47,3.71,0.03,0.02,1.03,171.16,314.33,375.08,217.15,4642.24,486.49,1186,1175,200,-41122650.00,-71414980.00,6,149,61023.00,19224100.00
-0.15,-0.03,0.96,-0.92,1.03,3.06,-8.54,11.40,3.64,0.03,0.02,0.98,211.46,210.32,269.29,93.82,4684.31,478.10,1196,1178,200,-41122647.00,-71415160.00,6,149,61023.00,19225100.00
-0.13,-0.04,0.97,-0.85,1.13,4.67,8.07,10.71,3.53,0.03,0.01,0.99,216.77,154.94,221.29,87.72,4110.03,448.51,1190,1171,199,-41122742.00,-71415236.00,6,149,61023.00,19230200.00
-0.08,-0.05,0.96,-0.94,0.83,1.27,10.54,10.92,3.27,0.01,0.00,0.93,2.87,2.49,5.88,111.76,4332.28,389.02,1199,1184,199,-41122778.00,-71415242.00,6,149,61023.00,19231200.00
-0.11,-0.02,0.96,-0.61,1.14,-2.58,10.93,10.95,3.23,0.02,0.00,0.92,51.82,31.90,188.92,129.27,4302.53,374.07,1197,1177,200,-41122812.00,-71415256.00,6,149,61023.00,19232200.00
-0.11,0.03,0.96,-0.69,1.58,-1.01,-7.16,11.15,3.22,0.02,0.01,0.93,124.96,92.16,411.38,64.90,4403.58,372.52,1190,1171,200,-41122814.00,-71415318.00,6,149,61023.00,19233200.00
-0.11,0.02,0.96,-1.04,1.80,5.76,7.18,14.88,1.13,0.02,0.01,0.94,174.42,113.81,336.44,260.29,7990.76,64.13,1192,1179,199,-41122823.00,-71415335.00,6,149,61023.00,19234200.00
-0.06,0.04,0.96,-0.85,0.97,1.63,17.77,15.06,1.27,0.01,0.00,0.93,37.31,18.54,230.06,379.86,8134.90,61.74,1196,1179,200,-41122840.00,-71415346.00,6,248,61023.00,19235200.00
-0.07,0.03,0.96,-0.42,1.48,0.16,24.22,14.73,1.51,0.01,0.00,0.93,37.40,19.78,45.69,592.34,7684.22,88.57,1190,1185,200,-41122838.00,-71415318.00,6,150,61023.00,19240200.00
-0.04,-0.01,0.97,-0.41,1.00,0.66,22.31,13.73,2.65,0.00,0.00,0.93,45.60,12.69,21.55,507.03,6843.17,261.17,1199,1182,199,-41122842.00,-71415336.00,6,150,61023.00,19241300.00
-0.05,-0.01,0.97,-1.42,0.85,0.19,18.21,13.12,2.89,0.00,0.00,0.93,39.24,16.20,41.80,336.23,6221.27,305.12,1195,1176,199,-41122845.00,-71415321.00,6,150,61023.00,19242300.00
-0.08,0.02,0.97,-1.03,1.10,0.82,14.89,12.54,2.90,0.01,0.00,0.93,14.05,5.47,26.98,229.73,5626.63,309.68,1190,1179,199,-41122848.00,-71415298.00,6,150,61023.00,19243300.00
-0.07,0.03,0.97,-0.97,1.53,1.07,15.92,12.16,3.03,0.01,0.00,0.93,9.73,10.08,9.79,255.55,5304.92,330.21,1192,1188,199,-41122851.00,-71415288.00,6,158,61023.00,19244300.00
-0.07,0.07,0.96,0.36,0.30,-11.30,-2.95,9.63,2.86,0.01,0.01,0.93,93.54,77.58,1121.66,344.17,3573.59,294.80,1191,1187,200,-41122835.00,-71415298.00,6,150,61023.00,19245300.00
-0.09,0.04,0.96,-1.52,1.41,4.37,-16.62,7.69,2.73,0.02,0.01,0.99,203.07,239.13,286.37,345.05,2178.24,272.36,1194,1186,199,-41122734.00,-71415316.00,6,150,61023.00,19250300.00
-0.07,0.05,0.97,-1.25,3.51,25.05,-14.68,11.12,2.71,0.01,0.01,0.98,111.00,165.79,1381.90,357.17,4501.06,265.22,1196,1180,200,-41122681.00,-71415394.00,6,249,61023.00,19251300.00
-0.01,0.09,0.97,-0.35,2.95,19.62,-11.89,8.57,2.43,0.00,0.01,0.94,60.35,55.34,880.92,235.14,2735.63,225.73,1189,1179,199,-41122510.00,-71415276.00,4,260,61023.00,19252400.00
-0.05,0.00,0.97,-0.43,1.41,-13.30,-10.54,9.58,3.71,0.01,0.01,0.95,83.09,53.08,1046.84,224.67,3356.63,507.04,1192,1184,199,-41122510.00,-71415276.00,4,260,61023.00,19252400.00
-0.09,0.01,0.97,-1.82,1.71,7.61,-18.63,10.24,3.70,0.01,0.00,0.95,74.98,75.87,1812.85,401.68,3798.95,488.86,1190,1186,200,
-0.05,0.05,0.97,-0.96,0.91,3.38,-19.27,11.55,3.70,0.00,0.01,0.94,46.37,38.17,362.43,376.42,4807.08,492.94,1194,1176,199,
-0.06,0.06,0.97,-0.43,1.22,1.92,-17.15,11.78,3.54,0.01,0.01,0.94,25.38,23.94,143.75,297.11,5024.64,455.33,1203,1169,200,
-0.20,0.16,0.94,-1.55,0.64,1.35,-9.74,10.26,3.97,0.04,0.03,0.88,29.80,29.87,33.77,102.49,3772.61,560.85,1188,1185,200,
-0.08,0.26,0.93,-0.85,0.24,0.99,0.97,5.03,4.61,0.01,0.07,0.87,50.35,92.85,565.39,18.36,952.55,771.86,1199,1180,199,-41122349.00,-71415166.00,4,234,61023.00,19262400.00
-0.26,0.21,0.91,-1.20,1.15,3.76,20.84,4.64,3.81,0.08,0.05,0.83,74.79,73.00,288.03,506.17,782.20,520.09,1192,1186,200,-41122512.00,-71415149.00,5,204,61023.00,19263400.00
-0.18,0.13,0.94,-0.08,2.36,-1.05,24.67,3.93,3.80,0.06,0.02,0.88,45.13,69.10,253.72,635.76,553.58,520.20,1195,1187,200,-41122239.00,-71414652.00,4,204,61023.00,19263900.00
-0.05,0.18,0.96,-0.65,0.18,-0.13,21.27,4.45,4.00,0.00,0.03,0.91,24.25,18.38,53.15,456.91,699.49,564.39,1187,1185,200,-41122702.00,-71415357.00,5,201,61023.00,19265500.00
-0.16,0.24,0.93,-0.66,0.69,0.98,16.30,4.52,3.85,0.03,0.06,0.87,25.31,38.64,52.88,267.92,728.47,528.57,1194,1183,200,-41122882.00,-71415329.00,6,201,61023.00,19270100.00
-0.13,0.21,0.94,-0.74,1.68,4.01,24.23,4.45,3.85,0.02,0.05,0.88,32.49,35.12,280.81,596.17,710.35,531.54,1196,1184,200,-41122761.00,-71415318.00,6,202,61023.00,19271500.00
-0.05,0.07,0.97,-0.14,2.18,2.37,24.77,8.23,3.73,0.01,0.01,0.95,82.64,135.81,769.81,622.34,2646.48,510.60,1201,1186,199,-41122595.00,-71415240.00,6,202,61023.00,19272400.00
-0.07,0.04,0.97,-0.89,1.38,10.90,19.61,7.90,3.10,0.01,0.01,0.95,85.94,86.13,1022.08,400.11,2382.52,347.81,1192,1189,200,-41122829.00,-71415028.00,4,209,61023.00,19273100.00
-0.10,0.03,0.96,-0.43,1.30,4.17,40.46,-1.52,2.89,0.01,0.01,0.93,79.20,115.11,558.38,2025.95,388.87,314.52,1198,1188,200,
-0.07,-0.01,0.97,-0.51,0.78,0.75,31.92,-2.02,3.12,0.01,0.00,0.94,0.26,0.62,0.56,1019.26,143.75,343.81,1188,1182,200,
-0.07,-0.01,0.97,-0.50,0.77,0.74,32.00,-2.02,3.18,0.00,0.00,0.94,0.25,0.59,0.56,1024.30,146.92,363.00,1198,1180,200,
-0.07,-0.01,0.97,-0.49,0.76,0.75,31.92,-2.01,3.17,0.00,0.00,0.94,0.24,0.58,0.58,1019.26,144.90,360.06,1190,1180,199,
-0.07,-0.01,0.97,-0.49,0.73,0.74,31.74,-2.04,3.14,0.00,0.00,0.94,0.24,0.54,0.55,1007.50,147.16,347.98,1187,1181,200,
-0.07,-0.01,0.97,-0.46,0.74,0.76,31.64,-2.03,3.12,0.00,0.00,0.94,0.22,0.55,0.59,1001.20,146.86,346.06,1192,1177,200,
-0.07,-0.01,0.97,-0.43,0.77,0.78,31.49,-2.00,3.12,0.00,0.00,0.94,0.19,0.60,0.62,991.54,145.05,353.44,1197,1181,199,
-0.07,-0.01,0.97,-0.40,0.77,0.79,30.99,-2.01,3.11,0.00,0.00,0.94,0.17,0.60,0.63,960.83,144.80,348.26,1199,1173,200,
-0.07,-0.01,0.97,-0.41,0.74,0.77,30.99,-2.04,3.11,0.00,0.00,0.94,0.19,0.57,0.60,960.55,149.67,347.64,1199,1189,200,
-0.07,-0.01,0.97,-0.41,0.73,0.75,30.94,-2.03,3.11,0.00,0.00,0.94,0.20,0.55,0.58,957.81,147.69,345.42,1196,1189,200,
-0.07,-0.01,0.97,-0.41,0.72,0.76,30.94,-2.01,3.07,0.00,0.00,0.94,0.20,0.60,0.58,957.32,142.11,333.07,1187,1183,200,
